1,215
2,751
4,105
2,710
2,285
3,747
1,735
4,635
3,246
4,130
2,745
2,636
4,204
3,652
1,606
2,955
1,242
3,154
1,370
4,984
2,975
4,158
1,336
2,230
3,506
4,746
2,586
4,600
4,100
3,351
1,921
1,900
4,352
3,352
3,853
1,501
1,925
4,280
3,793
2,861
3,543
1,538
1,649
2,697
1,546
3,104
2,676
3,645
2,540
4,756
1,864
1,339
3,911
4,634
2,541
4,936
3,867
2,471
4,336
2,649
1,454
3,562
1,870
3,520
3,359
2,869
2,828
3,535
4,834
2,795
4,179
2,301
1,194
2,916
1,898
3,538
1,979
3,275
3,574
1,916
2,953
1,508
4,868
1,227
2,559
1,193
1,289
4,574
1,777
1,539
3,319
4,897
4,426
4,923
2,175
3,274
2,875
3,608
3,554
4,548
1,447
2,717
4,227
2,645
1,417
4,869
3,177
1,395
4,860
3,808
4,312
4,532
1,337
4,115
3,657
2,467
2,307
4,195
1,752
3,892
4,331
4,263
1,312
3,195
2,469
1,789
3,697
1,538
1,427
3,109
4,900
1,176
4,697
3,377
2,544
2,517
4,521
4,222
4,674
3,267
1,893
3,698
1,392
3,650
1,494
1,126
1,487
3,924
2,715
3,425
3,783
4,708
3,138
4,835
3,895
4,394
3,982
2,127
3,198
2,442
4,745
2,785
2,201
1,273
4,406
3,946
4,226
1,324
1,245
3,480
2,101
3,400
3,723
2,164
4,363
2,223
4,842
1,551
3,790
4,307
2,354
3,843
2,740
2,724
1,833
1,787
3,882
3,573
1,238
3,275
2,543
3,944
3,887
4,981
1,914
4,412
3,702
3,285
1,876
1,160
4,917
4,819
1,662
1,843
3,125
2,798
4,770
2,383
2,186
3,990
3,111
2,618
3,982
2,105
3,753
2,891
3,127
1,172
4,728
4,500
1,285
3,238
4,676
4,624
3,305
4,292
4,197
2,473
2,865
3,328
3,856
2,785
2,571
2,734
2,520
4,235
2,266
1,506
3,559
1,128
4,353
4,699
4,857
1,397
2,558
2,601
2,103
3,570
2,821
3,651
2,477
1,901
4,172
2,455
3,775
2,590
2,539
3,273
1,853
3,513
3,460
2,618
2,957
2,663
3,948
3,823
3,465
2,262
1,985
1,115
3,716
1,629
1,621
2,759
4,183
3,959
3,853
2,857
4,161
2,254
4,348
3,155
1,383
3,461
3,374
1,843
4,671
3,459
4,342
3,865
3,770
2,821
4,226
3,719
4,164
4,756
1,637
3,538
1,115
1,910
1,918
3,569
4,159
1,334
1,687
2,872
2,368
2,283
4,510
2,432
1,825
3,199
3,339
2,439
3,418
2,848
3,610
1,412
2,797
3,853
1,392
4,378
2,548
3,831
3,660
3,976
2,951
3,608
2,657
2,173
4,511
2,901
3,373
4,821
1,463
4,735
3,206
1,391
2,921
3,612
2,820
4,878
2,528
2,540
3,640
2,494
4,795
2,637
4,933
4,623
2,572
2,918
1,671
1,965
1,827
2,325
3,733
4,276
4,440
3,490
4,974
2,583
3,423
3,527
4,606
4,861
2,403
1,128
2,677
2,672
3,841
1,657
3,958
3,288
3,251
1,469
4,920
3,291
4,498
4,643
4,991
4,169
4,485
4,663
2,209
1,795
1,626
1,983
2,474
4,902
2,708
1,926
1,441
4,615
3,447
2,920
3,700
3,247
4,544
4,942
3,468
4,308
1,527
3,387
2,375
2,901
1,328
4,770
3,438
2,163
1,769
3,504
1,906
4,346
2,770
4,529
1,716
2,561
3,912
4,544
3,514
4,507
2,307
1,665
1,413
3,469
4,533
4,226
1,583
3,210
3,560
4,521
1,605
3,723
4,274
3,908
1,290
3,427
3,474
2,999
3,575
1,131
1,759
1,621
4,317
3,581
1,573
4,542
1,138
4,693
3,856
3,348
4,299
2,420
4,224
4,432
1,978
1,826
1,682
2,986
3,478
3,899
4,393
4,582
4,231
3,588
1,782
3,944
1,268
1,104
4,801
2,371
1,335
2,338
4,793
3,470
4,617
1,134
2,659
3,606
1,658
2,912
3,683
4,301
2,336
4,192
3,241
4,216
2,162
3,554
2,842
1,484
2,996
2,670
2,997
2,778
4,421
2,216
2,882
4,207
3,350
1,306
4,588
3,104
1,948
4,925
3,775
1,278
4,232
1,622
4,851
2,898
4,559
1,308
1,388
2,503
3,303
4,640
3,601
2,306
1,885
4,695
3,998
1,445
1,505
4,367
3,737
3,705
3,194
3,624
3,280
1,726
3,697
1,458
4,486
4,167
2,904
2,393
2,578
4,101
2,773
3,824
3,421
4,608
2,370
1,655
4,540
2,631
4,850
3,783
3,916
3,502
2,443
3,974
3,964
4,747
2,519
4,364
2,310
3,395
4,415
1,822
3,113
2,232
4,571
1,695
2,787
1,652
4,375
1,610
2,776
3,128
2,980
3,100
2,472
3,798
3,944
3,228
2,989
2,530
4,483
3,853
4,862
3,341
1,888
1,974
3,202
2,494
1,663
2,315
2,208
3,158
1,764
2,924
3,206
1,874
2,216
3,634
3,603
3,777
1,404
2,948
3,840
4,991
2,992
1,875
4,367
1,995
1,999
2,858
1,366
3,175
4,724
1,388
4,864
1,897
2,703
1,546
3,910
3,618
3,430
3,276
3,677
2,184
2,168
3,355
4,600
3,774
1,692
3,613
1,260
1,275
1,425
4,156
2,505
3,148
1,215
4,430
4,260
2,719
1,611
3,276
1,844
2,352
3,872
4,773
4,437
2,356
3,881
1,832
3,196
2,786
4,844
4,107
2,745
3,165
4,277
3,152
2,534
3,837
2,693
3,670
2,180
2,325
3,655
3,207
2,349
3,661
3,715
2,761
2,196
1,617
3,170
1,429
3,961
1,439
4,222
4,797
3,852
2,222
1,731
1,872
2,865
4,781
1,212
3,430
2,187
1,382
1,739
2,131
1,905
1,104
4,230
1,703
4,716
1,877
2,896
2,665
2,616
2,168
1,883
3,668
1,676
3,874
2,979
2,792
2,393
1,962
4,496
2,608
3,997
3,662
2,343
4,238
4,969
1,865
3,555
4,336
3,817
2,849
4,744
1,602
2,263
3,430
1,352
4,318
2,459
2,809
1,225
4,875
3,655
2,596
2,697
1,598
2,761
2,982
2,265
4,970
2,701
3,755
1,776
4,986
1,665
4,712
3,819
1,301
2,520
3,770
2,112
4,985
2,557
2,442
2,170
3,828
2,860
2,456
4,151
4,876
2,204
4,519
2,363
4,910
3,196
2,931
3,244
2,229
2,913
3,161
4,385
2,682
4,164
4,649
4,489
1,169
2,131
1,736
3,593
2,793
3,337
3,961
3,633
3,412
3,470
4,943
1,674
2,221
3,778
3,900
3,187
4,198
2,181
1,814
2,371
2,599
1,756
3,546
1,820
3,303
4,554
3,655
2,279
3,615
4,782
2,369
3,504
2,874
2,704
3,575
3,472
4,239
4,360
1,384
1,226
4,480
1,173
1,274
2,494
1,774
4,340
1,593
3,408
1,111
2,929
4,145
2,998
1,530
3,816
2,580
3,935
3,754
3,383
1,267
1,987
2,903
3,511
4,453
2,927
4,674
3,485
3,133
4,129
2,545
4,550
1,898
2,989
2,231
4,369
3,562
3,906
4,265
4,830
2,201
2,264
3,104
1,391
1,721
3,948
3,974
3,720
3,845
3,424
4,129
3,552
3,548
4,767
4,405
2,946
1,347
1,997
1,586
2,422
2,935
3,992
4,243
3,100
4,738
1,557
2,117
4,767
1,901
4,964
4,727
3,998
2,852
3,410
1,425
4,780
4,700
2,821
2,693
3,678
1,799
3,901
2,915
1,219
4,396
4,704
1,298
3,893
2,666
3,235
4,816
3,581
4,553
2,286
2,904
4,300
2,104
3,431
3,925
4,551
1,160
1,810
1,914
3,602
2,940
1,384
1,991
4,149
3,423
3,399
3,882
1,252
4,481
3,532
2,448
4,863
3,812
2,749
1,409
4,201
3,550
1,244
3,138
2,629
3,673
1,578
2,175
3,881
3,455
1,913
2,821
3,282
4,540
2,595
1,211
1,793
2,538
2,556
1,606
4,679
2,878
3,385
3,651
4,137
3,272
1,116
2,671
2,436
2,368
4,554
4,335
4,146
2,529
1,330
4,675
1,505
3,973
1,726
1,260
1,257
1,645
2,301
3,309
3,404
3,309
1,102
4,871
3,625
2,816
4,835
2,655
2,696
4,107
3,803
4,926
3,727
2,286
2,364
3,855
1,1000
4,265
4,664
1,246
4,775
4,193
1,294
4,821
1,110
4,952
3,474
4,678
2,279
2,338
2,645
2,843
4,646
1,878
3,183
4,597
1,597
2,140
2,187
4,584
3,799
4,447
2,527
4,647
4,973
3,865
1,146
3,681
3,238
3,916
3,536
1,846
1,235
4,393
4,121
4,866
3,858
2,417
2,747
3,691
2,192
4,100
1,786
2,786
3,845
2,177
4,830
4,408
3,226
2,259
1,500
3,961
3,350
1,865
2,630
1,599
3,587
1,645
3,929
3,200
1,976
3,332
2,463
4,297
2,254
1,207
1,619
4,553
3,894
3,798
1,470
2,868
1,372
1,373
4,801
2,861
1,930
3,510
4,404
2,647
4,107
1,369
3,705
1,134
3,398
2,364
4,371
3,721
1,317
3,424
2,673
2,113
4,122
2,622
4,473
2,735
1,200
3,539
2,657
3,314
3,561
2,562
2,442
3,488
1,111
3,161
3,864
3,916
4,303
2,490
2,234
4,623
2,750
1,914
2,852
3,281
2,435
4,295
1,300
3,778
1,812
3,873
2,869
3,954
4,603
2,127
3,998
4,846
4,552
3,273
4,697
1,493
4,150
1,505
1,923
1,273
3,198
3,574
1,931
3,241
3,802
4,874
2,436
1,193
3,912
2,950
3,691
2,773
4,897
1,709
3,922
3,747
1,151
1,583
4,627
2,669
3,885
1,605
2,320
1,361
2,737
1,118
4,119
2,759
2,704
4,633
4,887
1,878
4,460
3,728
2,699
2,335
1,805
3,349
3,438
3,477
1,824
2,364
3,811
2,679
4,338
3,244
1,322
2,917
2,308
3,302
4,924
1,108
2,495
1,435
4,697
4,601
2,891
4,662
1,141
2,646
1,704
3,789
1,171
1,265
3,216
2,222
1,786
4,632
1,805
2,303
3,472
3,377
2,472
4,395
3,845
2,900
3,502
2,297
3,201
1,862
1,203
2,430
3,567
4,753
2,436
2,395
2,363
3,847
3,469
2,320
3,818
3,324
3,849
4,149
3,753
4,905
4,814
2,802
3,379
1,249
4,618
4,223
1,602
4,143
1,106
3,148
1,708
3,478
4,225
4,895
1,546
4,398
3,926
1,641
1,700
1,493
4,444
2,595
4,252
3,372
1,436
3,287
4,384
4,739
4,995
4,512
4,626
4,876
2,750
1,375
2,713
3,278
2,102
1,616
2,464
1,465
3,635
1,710
4,566
4,928
2,408
1,241
4,211
2,783
2,444
3,396
3,496
2,458
3,555
3,507
3,395
3,807
4,594
1,250
4,246
2,388
1,961
2,358
4,894
1,988
3,584
3,372
1,269
2,123
3,325
1,917
3,672
3,843
2,211
3,820
3,107
2,703
3,143
4,890
4,325
4,900
3,150
3,930
1,815
2,144
3,646
1,570
2,934
4,546
1,538
1,661
2,536
3,764
4,135
2,183
4,935
1,252
1,769
1,985
1,182
4,908
3,296
2,664
3,812
3,860
4,410
1,359
4,400
3,395
1,969
1,430
3,126
3,820
1,571
2,683
4,107
2,319
2,155
1,713
1,678
1,265
3,497
1,689
1,445
4,450
2,982
3,450
1,705
4,448
2,614
3,850
1,289
1,960
1,661
3,512
4,460
3,568
1,534
4,272
4,596
2,959
4,712
3,462
4,519
3,919
3,244
4,852
4,499
4,438
1,554
2,315
3,245
1,884
2,611
3,216
3,358
3,616
2,503
1,425
1,685
1,943
4,757
3,208
1,479
1,517
2,188
2,697
4,304
3,914
2,228
3,179
4,360
3,601
2,294
2,132
1,795
4,120
3,631
4,561
2,547
1,721
4,117
1,446
3,639
4,490
2,483
2,359
3,856
4,958
2,884
2,754
4,316
3,227
1,135
3,139
1,479
1,489
4,136
4,109
2,278
1,739
1,825
3,622
2,201
1,306
3,266
3,979
1,189
2,741
1,549
2,474
1,848
3,199
2,491
3,263
4,827
4,272
2,972
4,193
2,695
1,726
2,522
3,221
1,648
3,671
4,478
1,805
3,925
1,971
2,790
4,634
4,466
2,361
3,955
1,644
1,743
3,754
1,812
1,317
4,362
3,139
4,455
4,861
2,114
1,531
3,181
1,588
2,587
4,748
2,655
1,606
2,931
2,553
2,956
1,203
4,315
1,957
2,834
3,431
1,180
4,952
2,927
3,986
1,106
3,320
3,822
3,359
3,294
4,446
4,725
2,292
3,422
2,115
3,948
2,111
1,198
4,891
1,817
4,844
2,172
1,863
4,488
4,474
4,379
2,406
3,348
1,358
4,317
4,879
3,206
3,771
1,928
3,676
1,338
1,627
3,272
3,426
3,836
2,327
4,557
2,364
3,317
4,331
4,689
1,968
4,584
4,152
4,385
3,953
1,465
1,124
2,546
2,312
3,192
2,178
4,942
3,951
4,154
4,799
4,247
3,998
2,353
1,499
2,116
2,839
2,660
4,765
3,653
4,265
4,803
1,673
4,426
4,368
3,311
2,912
4,169
3,220
1,803
3,849
4,889
1,825
3,658
1,847
1,116
3,180
4,823
4,526
4,772
4,146
3,846
3,175
3,490
1,118
1,252
3,378
4,110
2,715
1,613
3,142
4,112
4,645
4,907
3,835
3,669
2,275
2,504
2,852
3,441
3,976
4,534
3,968
2,119
4,1000
2,932
1,693
2,953
4,156
2,970
2,174
1,808
2,185
3,891
1,342
1,202
2,156
1,118
4,436
3,702
4,372
1,817
4,992
2,202
2,615
4,681
3,986
3,474
1,413
2,496
4,794
3,155
3,550
4,381
3,144
3,128
3,986
3,557
1,124
2,564
2,562
2,304
2,748
4,589
3,592
4,587
1,991
4,225
4,647
4,608
1,276
1,243
4,139
4,487
1,921
2,659
4,426
3,560
1,835
2,856
1,131
3,793
1,771
1,240
2,369
3,312
4,856
1,443
1,386
3,214
4,781
1,754
3,774
2,713
4,345
1,825
1,782
3,483
1,744
4,966
4,957
3,684
4,636
4,847
3,919
1,831
4,936
4,205
4,155
4,835
2,572
1,950
1,761
3,427
3,998
1,629
2,917
4,533
4,893
4,131
2,523
2,221
2,166
4,639
1,119
1,974
2,452
4,420
4,886
4,981
4,228
3,343
1,856
2,257
3,479
3,480
3,708
1,303
3,729
3,397
1,959
4,873
1,976
2,861
3,841
2,717
3,553
1,265
2,176
2,776
1,787
3,627
2,387
1,973
1,424
1,776
4,303
1,676
2,625
4,750
1,716
3,510
1,115
4,220
3,938
2,672
2,534
4,626
1,774
3,176
3,832
3,311
4,828
2,417
2,442
4,341
4,785
4,587
2,798
2,449
2,107
2,352
2,514
4,315
1,764
1,925
3,850
4,907
4,931
4,594
4,498
1,204
2,668
2,835
1,964
3,398
1,507
1,352
3,928
4,965
2,513
2,245
1,141
3,479
1,594
1,900
1,754
3,948
2,981
1,833
2,819
4,515
2,709
4,694
1,678
2,609
1,403
2,290
3,554
1,745
1,111
2,207
2,560
3,644
2,168
2,618
1,214
1,880
1,984
2,260
3,401
3,669
4,551
2,462
2,706
4,666
3,333
4,307
3,421
4,999
2,189
3,559
1,926
2,789
2,730
2,261
1,112
4,322
1,336
1,800
4,393
3,269
4,191
2,704
1,949
3,995
2,235
1,276
1,105
3,874
4,177
2,663
2,900
1,661
1,301
3,711
3,352
1,185
3,922
1,909
4,340
2,643
2,357
3,151
4,329
2,926
3,765
1,643
1,301
3,485
3,195
4,174
2,125
4,598
2,417
4,793
4,958
1,287
2,329
4,227
1,552
4,474
3,427
2,121
3,299
2,342
2,368
4,802
2,273
2,777
1,782
2,875
1,125
4,242
2,622
1,896
4,458
1,607
1,324
4,554
4,670
1,453
1,159
1,426
3,292
4,104
3,332
3,626
2,180
4,491
4,661
3,165
4,130
3,813
2,649
3,456
2,314
3,326
2,661
1,635
4,752
4,160
4,107
1,529
3,531
2,609
4,461
1,277
4,644
1,420
3,412
4,970
3,448
1,135
3,907
1,814
1,677
3,915
4,531
4,461
2,161
3,134
4,494
2,125
1,747
2,735
4,216
4,744
4,918
2,122
4,354
4,801
3,975
1,267
4,141
2,703
1,732
3,587
2,289
1,101
3,126
4,284
2,889
1,362
3,467
3,107
1,542
1,208
4,792
1,241
3,447
3,760
4,225
3,464
4,917
3,333
4,367
4,738
2,880
3,475
3,508
4,163
2,924
1,283
3,663
2,591
1,898
4,170
3,504
3,465
1,838
4,454
3,955
3,893
3,899
4,237
4,107
3,584
2,253
1,194
4,616
4,313
4,710
2,319
3,140
2,951
1,590
4,724
4,519
1,692
1,942
3,700
3,133
2,600
2,903
2,922
3,230
4,497
3,448
1,822
1,648
2,704
4,197
4,973
2,277
3,197
2,427
4,480
2,557
4,446
4,363
1,387
2,127
3,815
3,922
4,938
4,765
2,809
2,921
1,244
2,981
3,905
4,259
1,332
4,181
1,804
2,740
2,145
1,684
1,515
1,210
2,722
3,104
3,493
4,842
4,772
2,847
3,190
2,977
2,727
3,278
4,395
2,233
4,945
2,479
3,875
4,262
3,175
3,571
3,697
4,370
4,432
4,765
3,633
4,943
1,693
1,397
2,784
2,394
3,834
3,157
2,951
2,974
3,581
3,706
4,601
2,764
4,928
2,462
4,471
3,250
4,770
4,519
1,193
1,803
1,385
4,795
4,796
4,195
1,654
1,481
1,289
2,839
4,855
2,317
4,599
3,705
2,138
1,415
2,708
4,896
1,981
4,282
3,748
1,438
3,446
2,277
4,772
1,134
3,695
4,452
3,677
2,556
4,623
4,777
3,575
2,879
1,466
3,539
4,404
1,739
4,989
4,369
3,864
4,230
2,835
2,478
4,686
3,952
4,267
1,188
4,345
1,124
2,516
4,633
1,188
2,531
2,484
2,132
1,494
1,241
2,310
2,862
3,737
2,758
1,837
2,350
1,409
2,826
4,682
4,540
2,930
1,268
1,675
3,582
2,456
1,544
2,661
1,456
3,462
4,622
3,252
3,597
3,963
1,880
2,840
2,705
1,394
2,391
1,503
1,592
1,535
3,617
4,870
3,159
4,927
3,584
1,510
4,942
2,747
4,342
3,416
1,586
2,711
1,275
1,609
1,535
4,236
4,930
2,435
1,174
4,386
1,139
3,149
2,901
4,273
1,545
2,255
3,363
2,783
3,769
2,755
3,219
1,405
2,832
2,431
3,749
4,236
3,341
1,924
4,663
4,304
4,730
4,117
2,277
2,350
4,652
4,713
1,691
4,884
4,434
4,320
1,928
4,529
3,240
2,337
3,458
2,624
2,551
3,375
1,218
3,955
4,404
1,692
4,843
4,201
2,445
2,356
1,392
3,683
1,207
1,230
4,117
3,410
3,798
4,605
3,494
2,409
3,485
2,412
1,307
2,941
1,653
4,154
3,676
4,926
1,501
4,516
2,939
1,425
2,726
4,772
1,329
3,875
4,152
3,465
3,375
4,148
2,796
2,100
3,280
3,630
1,922
3,870
1,441
4,100
3,742
4,105
4,680
2,934
3,336
3,124
2,195
2,916
4,477
2,743
2,624
1,343
1,307
4,931
1,162
3,206
1,293
1,527
4,666
1,907
3,872
4,367
1,557
1,422
2,530
3,671
3,371
4,139
3,935
2,353
4,459
4,373
2,325
3,725
4,202
4,518
1,585
2,570
4,936
1,285
3,551
3,590
1,102
2,790
3,922
4,858
4,172
3,195
2,889
3,334
2,450
3,725
2,277
4,752
2,633
2,987
4,969
2,308
2,273
4,805
1,567
4,340
1,875
1,399
1,796
3,876
4,844
4,425
3,197
2,132
3,611
2,711
3,732
2,644
4,445
3,766
3,107
1,343
4,876
4,158
1,425
2,430
3,170
2,795
1,801
4,929
2,708
2,691
4,894
4,265
4,623
4,978
2,142
4,712
3,112
2,534
1,747
1,437
4,698
4,160
2,473
2,598
4,415
4,876
2,690
3,207
2,720
1,842
1,396
3,923
3,388
1,615
1,708
4,631
2,322
2,630
1,426
2,313
4,924
3,852
2,364
3,250
2,735
3,349
2,105
4,285
1,728
3,128
4,881
4,546
2,257
2,446
2,256
4,530
2,952
1,660
3,391
2,662
4,871
4,506
3,945
2,754
1,461
2,817
3,516
1,299
1,753
4,111
4,152
2,808
1,977
4,829
4,771
1,306
3,586
2,529
3,392
4,185
2,588
4,756
3,873
2,164
4,862
4,936
4,699
4,801
4,417
2,766
4,865
1,553
2,246
4,743
3,591
3,522
3,422
1,677
4,122
1,341
4,420
2,592
2,230
2,797
1,830
2,224
4,426
3,690
4,752
1,189
1,886
2,616
2,735
3,624
2,983
3,407
3,412
4,909
1,725
3,591
2,659
1,212
3,418
3,916
2,657
3,957
2,323
4,635
4,331
2,842
2,502
3,569
4,308
1,502
2,601
3,496
3,167
2,246
3,142
3,315
1,355
3,487
1,224
1,506
3,215
2,535
3,495
3,782
4,361
1,929
4,161
3,633
2,877
2,809
3,489
4,883
3,978
2,545
3,127
2,982
4,591
4,891
4,817
3,753
3,353
3,206
3,242
3,232
3,293
2,914
2,860
1,850
2,846
4,554
4,999
4,784
1,503
2,138
1,731
2,243
1,833
1,469
2,123
3,917
3,214
4,361
4,114
3,271
1,238
3,557
1,279
3,103
3,133
3,541
1,754
2,437
1,531
4,433
2,173
4,639
4,700
3,251
1,989
2,767
1,365
2,660
3,808
4,270
3,914
3,457
4,346
2,401
4,703
4,621
2,810
2,316
2,310
1,442
1,132
3,532
3,117
2,171
2,229
2,941
2,307
3,721
1,561
4,441
2,940
1,843
2,265
2,504
4,473
3,642
2,836
4,476
2,410
3,925
2,946
4,912
4,236
3,363
3,576
2,893
4,848
3,438
4,1000
4,730
3,338
2,785
4,816
3,914
4,396
3,534
3,105
1,866
3,614
3,268
4,883
1,613
4,214
3,165
1,363
2,350
2,853
2,609
3,660
1,451
3,373
2,255
1,308
3,882
4,543
2,986
2,142
1,681
2,200
1,220
2,206
3,955
4,736
4,279
1,610
2,632
1,122
3,174
4,448
4,602
2,758
2,938
4,417
1,278
3,353
1,185
2,598
3,200
1,862
1,394
4,514
1,367
4,137
2,198
1,773
2,716
2,136
1,536
2,951
3,181
2,437
3,474
4,834
4,327
2,636
1,367
4,460
3,371
4,227
4,274
1,899
4,200
4,419
3,508
2,544
3,264
2,906
1,997
4,595
1,512
3,373
3,100
3,454
1,781
1,883
3,405
1,481
4,203
1,599
3,118
1,977
1,104
4,470
2,743
2,666
2,386
2,532
2,679
1,987
4,546
1,374
3,692
4,481
3,551
4,838
2,112
2,516
1,202
3,289
4,370
2,850
2,157
4,521
2,386
1,867
4,875
3,260
2,631
1,811
4,552
1,860
2,486
4,637
4,678
2,146
4,513
1,468
4,370
3,302
3,709
2,201
3,308
1,281
1,238
4,745
2,663
2,290
3,355
2,635
1,155
4,672
1,575
1,873
2,627
1,975
3,112
3,366
1,647
1,331
1,522
1,348
1,963
2,773
3,136
2,699
4,270
4,780
2,791
1,652
2,592
4,685
3,525
2,734
1,134
4,253
2,529
2,352
1,760
3,383
1,871
4,607
3,526
1,278
2,459
2,472
1,576
3,482
4,643
4,986
2,751
1,446
3,355
1,401
3,544
3,927
2,888
2,809
2,991
2,930
4,288
4,280
1,774
1,526
2,203
2,616
1,686
4,320
3,255
4,380
2,219
4,352
2,626
3,390
2,673
2,803
1,872
4,396
3,291
4,584
1,333
1,970
3,467
1,295
3,154
1,661
1,561
2,646
2,672
3,630
1,104
1,407
4,788
1,216
3,660
1,237
3,311
2,478
3,913
3,233
3,489
3,989
1,321
2,107
3,299
1,630
1,955
1,660
2,387
1,705
3,152
1,295
4,107
4,862
4,116
4,131
1,537
3,257
2,102
1,156
2,872
3,458
4,945
4,215
3,810
4,148
3,794
1,408
4,577
2,292
3,557
1,628
1,439
3,925
1,530
3,311
2,815
2,763
2,542
3,453
3,289
2,484
4,580
1,747
2,500
4,109
3,456
2,682
1,976
3,530
3,583
2,124
3,828
2,651
1,409
4,332
3,663
3,587
3,811
3,212
1,354
4,104
1,284
3,418
1,914
2,595
3,429
3,559
1,835
3,988
1,548
2,687
1,538
1,146
1,512
2,679
1,137
4,101
2,510
4,922
3,624
1,340
1,235
2,660
3,694
1,991
2,153
1,576
3,318
2,619
2,616
2,962
4,211
4,296
2,337
2,109
3,907
3,127
2,983
1,717
1,855
4,251
4,103
4,249
1,874
4,808
3,729
4,542
3,675
4,665
2,462
3,255
3,149
2,477
4,982
4,860
3,687
2,761
1,345
2,948
1,773
4,191
2,524
1,342
1,135
2,662
3,261
3,795
2,639
4,955
2,721
4,397
3,913
3,556
3,132
2,393
3,704
2,330
2,244
3,568
1,673
3,732
2,250
3,126
3,512
4,912
3,794
1,896
3,961
3,962
1,474
3,912
3,900
2,475
2,127
1,458
2,547
4,704
3,600
1,678
4,947
4,589
3,956
1,499
3,958
3,939
3,739
4,674
4,805
2,332
3,460
2,945
1,573
3,362
1,237
2,759
3,119
1,145
4,464
3,910
4,619
3,597
3,307
4,859
3,976
1,811
2,551
1,551
2,687
1,544
4,122
4,756
1,288
4,848
4,937
4,811
4,525
3,532
2,238
2,789
1,110
3,922
1,598
3,270
4,388
4,325
4,756
2,473
3,804
4,916
3,316
2,652
1,159
2,576
3,734
1,662
3,380
2,861
3,837
3,676
1,744
1,592
1,380
2,926
2,757
3,346
4,445
2,969
3,699
2,999
1,198
3,731
4,441
2,905
3,721
1,847
4,639
4,583
4,762
2,740
1,447
4,873
2,988
2,772
3,502
1,355
3,813
2,806
2,285
2,939
2,766
2,428
2,398
4,207
2,656
4,266
2,672
2,813
1,450
3,880
3,798
3,668
1,115
3,414
3,197
2,901
4,156
2,216
4,342
1,260
4,581
4,208
4,620
4,658
1,434
4,633
3,155
2,471
3,760
3,303
4,754
1,305
1,353
4,876
3,140
2,962
1,998
1,380
1,921
4,454
3,290
3,555
1,699
1,994
3,932
4,672
1,205
4,518
4,976
1,631
2,939
4,158
4,781
4,462
3,907
1,893
2,466
2,803
3,524
1,388
2,900
2,448
1,894
2,301
2,751
4,370
3,275
2,172
1,693
1,401
3,132
1,281
2,632
4,663
3,294
4,579
4,598
1,169
4,210
1,697
2,959
4,411
3,928
1,926
3,563
3,171
1,723
3,351
4,949
1,440
1,807
2,135
2,641
1,782
1,998
1,587
4,339
2,167
4,872
1,316
2,971
3,658
1,446
1,190
4,767
4,603
2,751
2,636
4,208
4,305
3,881
3,201
1,692
4,790
3,346
3,114
3,454
4,660
3,305
1,547
2,653
4,529
4,759
4,148
1,572
4,747
2,228
4,980
3,871
4,325
3,187
3,685
3,505
2,843
2,322
2,830
3,443
4,864
4,989
1,354
1,187
1,299
3,927
2,340
3,610
4,863
1,160
2,711
1,569
4,556
1,680
2,391
3,357
1,229
3,896
2,324
3,140
4,290
3,683
4,339
1,799
2,532
1,408
2,492
3,347
2,123
3,138
3,648
1,912
1,955
4,933
4,343
4,102
3,364
1,456
1,166
3,917
3,779
2,684
1,154
1,709
3,108
1,218
3,738
2,594
3,976
3,500
2,396
1,179
1,999
3,866
1,824
3,659
2,229
4,355
3,475
1,442
4,245
4,296
4,249
3,913
4,181
2,225
1,920
2,970
2,306
4,180
2,711
2,503
2,194
3,665
2,412
3,985
4,118
4,182
2,860
2,281
4,339
2,682
3,201
4,157
3,136
3,890
2,163
1,908
4,520
2,607
4,422
2,753
4,429
3,962
4,910
4,284
3,241
1,212
1,660
1,323
4,494
2,286
3,554
1,652
2,769
1,797
1,914
2,157
1,529
1,917
3,221
3,759
4,198
4,982
2,341
4,456
3,480
1,529
2,247
1,426
4,446
4,518
4,102
3,834
2,794
4,451
2,308
1,727
3,239
2,761
1,309
4,607
3,346
3,682
3,377
2,215
2,279
1,832
3,888
1,276
2,459
2,307
4,581
4,521
3,466
4,983
2,325
2,443
1,218
1,398
3,812
3,417
3,499
3,236
2,562
3,672
4,834
4,336
3,639
2,834
2,156
2,237
1,104
3,662
2,313
1,370
3,211
1,276
1,757
2,342
1,197
2,816
1,227
3,726
1,502
4,641
2,805
2,505
3,167
2,730
4,109
4,664
3,513
2,306
1,421
4,777
4,240
3,343
4,570
1,445
2,764
3,209
1,927
1,912
2,985
1,577
3,513
4,671
3,608
2,472
1,177
3,367
4,377
3,496
1,208
2,833
1,235
2,214
4,812
2,288
1,462
3,911
1,499
1,111
3,441
3,369
4,218
4,350
4,621
1,900
1,459
3,623
3,980
1,548
3,292
3,621
1,249
4,363
3,204
1,570
2,138
2,469
3,529
3,838
3,788
4,986
4,761
1,900
1,108
3,955
2,520
1,659
2,725
1,459
3,882
2,160
4,895
1,672
2,835
4,940
3,365
2,883
4,860
3,410
3,840
1,869
1,568
1,922
4,593
4,832
3,462
1,713
3,497
2,853
4,445
4,889
1,238
4,715
3,634
1,522
3,235
1,376
1,451
1,473
3,453
3,678
4,407
4,505
2,797
4,811
1,418
3,336
1,351
3,587
2,511
2,267
3,343
4,691
3,384
3,219
3,149
3,298
2,670
1,513
3,997
1,532
2,418
3,232
1,914
3,481
1,327
1,856
1,719
3,770
2,451
2,478
2,731
4,514
2,651
1,483
4,389
2,642
2,139
4,632
3,225
4,996
2,965
1,942
1,846
2,723
3,673
4,549
2,448
4,634
4,833
2,633
1,521
4,710
3,391
1,566
1,115
1,859
1,159
1,226
4,808
3,700
4,268
4,882
1,386
2,632
2,994
2,454
2,334
4,950
2,553
1,708
3,973
4,348
2,555
4,962
1,359
3,684
1,619
2,702
1,387
2,215
1,357
2,398
3,900
2,864
2,109
2,458
2,389
2,764
3,623
1,693
2,109
1,144
4,189
4,869
1,325
4,975
4,531
3,753
4,919
1,726
1,852
2,101
1,765
4,965
3,932
1,718
1,659
3,695
2,810
4,235
4,392
3,909
2,785
4,642
4,258
3,806
3,760
2,976
3,263
4,108
2,932
1,992
4,933
2,978
1,836
3,778
3,308
1,239
1,946
3,184
1,239
2,653
2,952
3,741
1,200
3,960
2,390
3,635
1,421
3,712
2,262
2,397
3,351
1,750
2,190
1,429
2,583
1,116
4,333
4,916
3,286
4,677
3,153
2,827
2,269
3,156
3,732
1,442
1,906
4,429
4,944
2,104
3,169
4,370
4,735
1,797
1,160
2,836
3,155
2,191
3,782
4,492
1,129
2,811
2,541
1,519
2,503
1,349
2,186
4,589
1,757
3,945
2,821
2,340
3,655
2,292
1,724
4,366
1,348
2,355
2,258
2,367
4,444
3,816
4,762
1,686
2,395
2,948
2,147
4,470
3,455
2,896
4,919
2,111
2,793
4,961
4,932
3,282
1,159
1,667
3,357
4,816
4,490
1,992
1,797
2,577
1,515
3,364
1,775
2,214
1,242
2,477
1,186
3,575
2,932
4,381
2,108
4,322
3,957
3,749
3,501
2,710
4,557
2,895
3,722
4,425
4,877
3,170
2,307
4,990
2,740
3,535
3,199
3,683
1,307
2,586
1,833
4,658
1,430
3,939
3,546
3,592
2,798
1,256
3,810
1,853
1,700
1,616
4,459
4,906
4,548
2,172
2,889
4,885
3,858
1,266
2,243
3,412
2,381
2,208
2,716
4,994
4,801
3,455
2,779
3,201
2,569
2,319
2,389
3,454
3,472
3,627
2,551
1,258
2,522
1,788
1,549
1,771
2,247
4,973
2,162
1,898
3,227
2,776
2,280
1,222
4,191
1,389
4,813
1,346
4,508
3,845
2,325
1,479
1,929
3,597
3,561
4,973
4,538
2,152
2,691
1,971
3,794
4,781
4,608
1,620
2,795
1,957
1,606
3,932
2,470
3,182
3,415
2,870
3,131
3,808
3,768
3,597
2,219
2,925
2,599
3,841
3,374
2,894
1,757
1,379
2,985
3,898
1,234
1,625
3,982
2,245
1,314
4,672
1,868
4,322
1,686
3,165
2,863
2,727
3,798
3,179
3,966
2,961
1,435
4,443
2,178
4,325
4,772
2,643
4,906
2,137
1,183
4,288
2,979
4,773
1,796
1,970
2,908
1,273
4,668
4,629
3,186
4,630
2,888
3,631
4,275
3,725
1,981
4,548
1,237
3,856
4,338
2,180
3,179
3,871
2,873
2,416
2,308
1,372
2,279
1,532
1,266
4,395
2,910
3,902
4,965
1,198
2,977
1,903
4,378
2,989
4,755
3,122
1,706
4,810
1,453
3,866
1,297
4,330
2,284
2,723
1,576
1,448
2,189
2,914
2,217
1,965
3,110
4,151
1,980
1,682
4,729
1,830
3,940
4,909
1,337
1,286
2,820
4,851
1,216
3,666
4,518
3,687
3,497
4,792
2,805
3,919
4,325
2,728
4,793
2,991
2,309
3,437
1,286
1,527
2,853
4,942
4,576
4,650
3,768
1,622
3,450
4,837
1,170
1,317
3,985
4,903
4,336
2,825
3,480
1,161
2,288
4,182
2,621
1,491
1,497
1,967
1,721
1,879
1,381
3,814
2,913
4,771
1,178
4,887
2,972
1,302
2,216
4,884
4,645
3,541
2,629
2,386
3,482
3,804
2,430
4,520
1,720
4,530
1,463
1,174
2,703
3,117
3,134
3,953
1,719
3,771
1,503
2,780
4,743
4,444
2,287
1,221
1,433
1,503
1,222
4,138
4,955
1,513
3,569
2,105
3,938
4,356
4,443
1,759
4,307
1,789
1,827
4,628
1,107
2,414
3,323
2,746
1,316
4,337
3,276
3,284
4,487
3,165
1,769
1,113
1,301
3,654
1,281
3,511
3,104
3,471
2,723
2,127
4,121
2,133
2,349
2,470
3,217
2,541
2,378
2,100
3,947
2,114
4,795
1,277
3,681
2,742
3,398
4,573
2,200
4,353
4,511
3,607
2,915
4,785
1,915
1,782
1,736
3,499
1,703
4,912
3,417
1,953
1,651
3,887
2,887
4,319
1,966
4,560
1,153
4,931
4,526
1,520
2,432
1,627
1,823
1,580
1,663
1,681
4,203
3,325
1,259
4,708
4,619
3,131
2,714
2,689
1,990
3,298
4,329
1,667
1,794
1,987
1,298
2,297
2,505
1,194
3,887
4,518
2,293
1,516
4,452
3,385
3,585
1,600
3,427
3,489
3,821
3,468
4,940
1,923
4,863
4,886
1,693
3,418
2,575
3,679
4,215
2,109
1,665
4,877
1,712
1,673
4,585
1,281
3,196
2,688
1,371
4,810
1,353
3,827
2,958
1,142
3,109
2,559
1,330
2,399
1,953
3,560
3,560
3,633
4,360
1,612
3,333
2,601
3,652
1,909
3,582
4,754
1,459
2,868
2,317
2,413
4,504
3,171
4,624
2,251
3,507
4,658
4,830
2,828
1,416
1,184
1,679
2,746
2,639
1,848
4,402
4,437
4,339
1,817
3,410
3,341
3,711
2,952
4,210
4,561
1,917
3,291
1,107
2,339
2,914
2,792
1,495
4,980
1,177
3,302
2,295
3,361
4,198
2,873
4,747
1,698
4,878
1,844
4,587
4,263
1,426
4,305
4,266
3,252
3,801
4,771
3,418
3,495
4,555
3,559
1,344
3,601
4,424
1,709
1,833
3,433
3,135
2,148
1,469
3,730
1,753
1,496
1,114
3,507
2,550
3,646
4,438
3,760
3,585
2,276
2,579
4,993
3,389
2,508
1,476
3,178
4,958
2,219
3,378
4,942
2,978
3,966
3,132
3,779
2,980
4,773
1,120
1,783
1,791
4,571
1,932
3,765
2,161
1,373
2,228
3,236
4,669
2,680
3,898
4,337
1,981
2,746
4,438
1,276
4,217
3,634
2,461
3,847
1,522
1,480
2,719
1,864
1,482
1,973
3,448
4,735
2,832
1,479
2,751
1,341
2,710
3,455
3,295
3,363
4,649
4,813
3,421
1,854
1,370
2,855
4,656
1,292
1,371
4,392
3,348
2,245
4,431
1,338
3,593
1,306
1,102
2,212
4,697
3,469
4,369
4,724
2,466
2,601
4,766
4,411
1,425
1,859
2,370
4,812
4,480
4,870
1,356
4,456
4,289
1,458
4,368
3,939
3,194
2,636
3,204
2,415
4,723
1,874
4,419
2,671
3,792
2,707
1,781
3,187
4,896
4,160
2,904
2,830
1,487
1,652
2,920
1,896
2,780
4,671
1,628
2,511
3,407
3,937
1,562
3,301
4,446
2,320
3,562
1,242
3,634
3,203
4,295
4,756
2,284
2,828
1,471
1,151
2,387
1,986
4,285
3,423
1,589
2,407
4,613
4,333
2,799
3,512
4,814
2,382
2,849
3,415
4,455
2,569
1,267
3,585
4,446
2,772
1,184
3,119
2,912
3,412
1,541
3,703
3,481
3,622
3,382
1,123
2,534
2,186
2,714
4,442
4,731
1,850
1,748
2,934
1,210
3,135
1,600
3,185
3,625
3,225
4,368
2,307
2,876
1,150
4,888
1,388
3,583
2,789
4,466
4,667
1,632
4,197
1,319
4,931
1,313
2,612
4,213
2,216
2,841
1,754
2,450
1,975
4,353
1,617
1,411
4,507
3,768
2,401
1,233
4,717
4,651
3,557
4,286
3,588
2,571
1,513
3,497
1,511
2,652
1,676
1,478
3,358
2,276
4,683
2,858
2,432
3,572
4,574
3,207
3,903
4,383
4,631
3,263
3,446
4,571
3,331
1,549
4,922
2,940
3,773
3,740
3,525
2,549
2,634
3,777
1,773
1,550
4,292
2,301
3,389
2,170
3,109
4,888
1,651
3,145
3,672
1,202
1,447
3,991
4,432
2,232
4,807
1,243
1,875
4,456
3,691
4,111
2,685
3,109
2,417
1,138
4,503
2,100
3,640
4,803
1,101
1,145
2,804
3,744
4,227
1,632
2,361
2,656
1,577
2,669
4,596
2,205
2,218
4,514
3,294
1,947
2,759
3,842
4,512
1,683
2,806
1,510
3,831
1,333
3,651
3,977
2,237
2,882
2,757
1,653
1,438
1,203
3,356
1,858
4,140
1,964
4,764
3,344
2,436
2,253
4,328
2,464
2,144
4,627
4,114
1,961
1,479
4,526
2,921
2,196
3,758
1,648
1,350
4,459
3,764
3,961
1,437
4,938
1,349
4,869
3,188
1,510
4,162
4,385
4,241
4,820
1,511
2,252
4,664
4,797
1,257
1,507
4,965
1,863
3,789
1,325
2,468
1,605
4,795
2,813
4,957
1,585
4,661
3,977
2,851
3,663
3,164
4,350
2,427
3,394
4,331
4,421
1,921
4,507
1,431
4,566
4,891
2,610
3,557
4,965
2,256
3,249
2,506
1,332
4,284
2,339
1,266
1,321
4,656
1,949
3,711
2,526
2,872
2,837
4,681
1,800
1,976
3,839
4,373
2,676
1,407
3,283
4,754
4,415
2,751
4,884
3,596
3,954
1,703
3,948
4,446
3,891
1,287
3,366
2,340
2,912
4,654
3,870
4,239
2,530
1,430
4,965
1,980
1,502
2,472
3,254
2,813
4,364
2,150
4,177
3,122
2,253
1,694
4,281
3,251
3,376
1,288
3,868
1,159
3,846
4,105
2,246
3,807
2,911
1,726
3,126
2,567
2,718
2,938
4,644
1,154
3,230
3,443
2,434
2,509
1,471
4,676
3,593
4,541
1,153
1,133
1,237
2,826
4,495
3,587
4,266
2,709
2,719
2,751
1,886
3,173
3,327
4,479
2,314
2,724
2,425
4,820
1,919
3,136
2,915
4,637
2,365
4,922
3,907
3,436
1,234
2,376
3,244
1,967
4,932
4,274
3,586
3,823
3,315
2,948
2,889
1,418
4,532
3,463
3,332
4,492
2,298
2,688
4,485
1,463
4,273
3,777
2,333
1,841
3,129
1,968
1,113
3,126
4,359
3,801
2,240
3,538
2,927
1,724
1,336
1,819
1,801
2,944
1,305
2,631
4,517
3,556
3,669
1,386
4,480
3,990
2,468
3,602
4,726
2,377
1,594
4,839
4,210
4,948
1,549
3,293
3,917
3,811
3,327
3,255
3,132
2,337
2,997
1,901
2,657
1,303
3,212
2,858
4,291
2,394
2,134
4,777
3,675
4,202
4,779
3,896
1,820
1,429
3,253
3,423
3,601
3,539
1,169
2,301
1,188
4,574
2,659
4,144
4,844
4,351
2,717
2,634
1,638
4,668
2,504
3,722
2,949
4,365
1,604
3,636
4,567
3,827
3,523
1,145
1,966
1,514
4,935
4,581
3,402
1,363
2,387
4,629
3,203
1,913
3,497
2,765
1,529
4,919
3,701
1,647
1,529
1,224
1,223
2,593
2,252
3,919
3,760
1,158
4,485
2,174
4,627
1,172
1,554
4,947
3,841
3,278
4,725
1,143
2,568
2,852
3,379
1,483
3,374
3,852
3,371
2,246
1,300
1,621
4,110
1,151
2,536
2,970
1,275
1,807
1,701
4,584
3,992
1,982
1,952
1,304
4,266
2,117
2,548
3,947
1,650
2,596
3,998
2,548
3,497
3,428
4,983
3,832
2,883
2,279
2,954
1,311
1,108
2,709
2,724
3,473
2,690
4,722
2,246
4,164
4,860
3,713
1,700
2,957
3,315
2,740
4,301
3,868
4,457
4,661
3,403
4,792
2,313
1,665
1,277
4,261
2,248
3,134
2,337
1,818
2,324
4,553
3,862
4,907
1,291
3,594
1,163
1,109
1,684
2,245
3,225
2,165
3,500
4,271
3,749
4,250
1,900
4,426
4,998
3,169
3,964
1,181
3,636
1,217
2,853
4,353
4,513
3,224
4,350
1,185
4,406
2,735
3,155
1,664
1,482
3,627
1,423
1,167
2,940
1,138
2,933
2,900
4,830
1,764
3,235
1,738
4,284
4,275
3,879
3,970
4,964
1,556
1,255
3,825
3,674
3,728
4,838
4,434
3,271
4,299
2,220
4,101
4,577
1,740
3,446
4,625
1,899
3,288
2,201
4,985
2,820
4,933
4,634
4,285
1,144
3,411
1,856
1,790
2,503
3,818
3,828
3,322
3,189
2,235
4,802
4,240
1,265
2,988
1,600
1,839
2,267
2,943
3,808
1,776
2,186
4,896
2,439
2,436
4,468
1,131
3,940
3,247
4,579
1,378
3,806
4,876
1,218
4,450
2,940
2,352
1,144
3,837
4,392
2,918
3,723
1,418
2,508
3,534
4,762
3,940
2,178
2,514
3,446
1,972
4,287
1,798
1,117
4,935
4,691
2,296
1,258
2,981
2,697
3,300
4,489
2,161
3,358
1,554
4,693
4,140
2,461
1,531
3,308
2,803
1,150
4,305
2,169
4,514
4,990
1,654
4,247
1,634
3,298
3,775
3,795
1,570
4,694
1,724
2,564
3,690
2,878
2,483
3,634
2,766
3,822
4,484
4,531
2,874
2,351
2,591
3,885
1,179
3,740
2,211
3,309
4,485
2,261
4,388
4,924
4,444
4,617
1,763
2,855
4,184
1,511
2,481
3,577
1,877
2,478
3,441
1,398
4,134
2,908
2,751
2,758
4,218
2,466
4,280
2,468
4,644
4,100
4,477
4,501
2,520
2,852
4,359
2,729
1,207
4,424
4,720
2,412
4,665
4,116
2,437
4,613
2,444
1,533
1,723
2,687
1,913
4,142
3,240
1,321
1,971
4,759
4,468
3,953
1,250
1,536
2,512
2,694
4,455
1,263
1,646
1,653
4,550
1,147
4,398
3,209
3,831
1,357
2,435
3,808
1,386
4,269
2,710
3,743
1,297
2,789
4,798
1,459
1,807
3,148
2,689
1,959
2,732
3,973
1,526
3,956
3,174
4,424
3,372
2,744
3,242
3,621
2,243
3,131
2,374
1,200
4,325
4,871
2,182
2,863
2,623
1,675
1,721
4,956
2,971
3,151
1,432
3,140
3,456
3,759
3,978
3,456
4,609
2,818
1,1000
4,485
3,422
4,185
4,394
4,142
3,448
2,294
3,949
3,882
3,157
1,783
2,892
3,906
4,290
3,545
1,528
2,778
3,905
3,821
3,868
4,391
4,205
4,318
4,613
3,692
4,568
3,477
4,444
1,229
2,823
1,364
2,758
3,448
2,875
2,576
1,373
2,702
3,481
3,124
2,819
4,266
4,744
2,340
4,936
1,471
3,750
3,948
3,486
2,410
2,899
4,446
4,841
1,495
1,958
3,279
1,145
1,386
3,287
2,564
2,835
2,321
2,815
2,490
4,1000
4,268
2,948
1,209
4,897
4,565
3,571
3,753
2,878
1,753
3,608
2,180
4,627
1,503
2,142
4,870
1,647
2,771
4,804
1,841
4,804
2,498
2,664
1,397
3,558
3,737
1,473
2,908
2,105
2,554
1,916
4,710
1,979
1,254
2,190
4,833
2,399
1,382
3,712
3,784
4,602
1,942
2,129
3,370
4,634
4,666
2,607
4,295
1,266
4,616
1,965
4,149
4,502
1,163
1,397
4,200
1,881
3,846
3,309
3,537
3,407
2,986
2,855
2,437
3,247
2,523
4,711
2,772
2,980
3,333
3,339
1,496
4,888
3,355
4,611
1,876
2,535
3,944
4,614
1,242
4,973
4,954
2,638
1,280
4,746
3,804
4,813
1,528
4,410
1,713
2,234
4,904
1,542
1,471
2,640
4,839
2,410
2,836
2,382
4,789
4,511
1,534
2,255
3,124
2,953
4,141
1,257
1,713
1,969
2,227
1,726
1,227
1,427
3,604
2,571
3,205
3,635
2,768
1,429
4,490
2,139
1,387
2,253
1,941
4,345
3,771
4,263
1,417
1,990
4,294
2,975
1,388
2,555
1,850
2,199
3,299
2,252
2,543
1,228
2,516
2,827
4,778
4,743
4,966
1,184
4,812
1,124
4,176
4,778
3,777
4,363
2,594
3,903
2,520
1,619
4,225
1,566
4,242
4,512
3,100
2,723
4,570
1,870
2,906
3,211
2,632
4,941
4,162
1,198
2,492
2,327
3,789
2,224
2,179
3,622
1,506
3,434
1,145
2,620
4,136
3,869
3,476
3,822
3,626
4,888
3,825
1,493
4,567
2,618
4,488
4,386
3,210
3,228
4,133
2,796
3,203
4,747
4,315
3,587
2,898
3,104
1,941
3,846
3,667
2,965
1,812
1,835
1,414
3,829
2,644
4,121
1,624
1,914
2,987
3,672
4,958
2,499
1,122
1,288
4,252
3,592
4,443
3,456
1,760
1,453
4,378
3,566
1,737
4,511
1,956
4,469
1,281
4,379
1,497
3,914
3,119
3,866
3,107
1,556
3,439
4,988
3,209
3,783
2,193
4,208
1,965
2,439
2,527
2,776
1,570
1,577
4,114
3,982
4,688
4,544
4,484
4,346
4,797
1,621
4,916
1,925
1,307
3,410
2,127
4,622
1,889
3,848
4,812
3,127
4,712
1,485
2,207
4,913
2,318
4,117
2,347
1,128
4,994
4,929
3,965
2,615
2,473
1,540
3,460
4,637
1,440
1,118
1,919
2,138
1,510
2,200
4,545
2,700
4,357
1,560
4,755
4,168
2,361
3,557
4,348
4,794
1,785
3,512
3,369
2,661
3,383
4,289
4,293
2,892
1,411
1,439
4,952
1,679
1,845
4,637
1,138
1,422
4,976
2,259
3,501
1,934
1,213
2,598
4,481
3,544
3,817
2,825
4,930
3,140
2,732
1,124
3,948
3,542
1,658
1,582
4,250
3,976
4,826
1,788
3,134
3,333
2,377
1,290
1,834
3,480
3,481
2,440
1,153
3,230
1,101
2,106
4,581
2,511
1,927
3,698
3,994
3,375
2,351
3,604
2,335
4,989
4,345
3,958
1,763
2,688
3,867
3,955
1,723
2,620
2,924
4,264
2,443
3,323
2,623
2,996
4,632
1,786
2,286
3,394
1,395
4,767
4,828
3,851
4,572
4,944
3,316
4,598
4,740
1,714
1,657
3,462
4,285
4,714
1,654
3,163
2,191
3,470
2,903
3,686
4,168
1,421
1,108
3,324
4,473
3,925
3,362
2,661
4,514
1,304
2,954
4,972
1,760
3,481
3,508
2,674
4,361
4,233
1,392
3,641
2,913
3,242
4,249
3,551
1,967
1,770
3,505
3,159
2,185
2,630
1,806
4,242
4,397
4,145
4,637
3,368
3,147
3,365
1,539
4,808
1,618
4,359
2,786
2,611
4,238
4,987
4,632
2,172
1,463
4,297
1,476
3,598
2,443
1,168
1,395
4,406
4,423
4,171
4,618
3,401
4,762
2,671
4,569
2,634
4,208
1,750
4,204
3,121
3,723
3,232
1,162
2,620
4,318
4,119
2,923
3,723
4,241
2,263
3,103
1,293
1,731
4,273
1,593
3,750
2,863
3,792
2,918
2,731
3,895
3,591
1,323
1,748
2,134
4,743
3,718
2,134
2,848
1,634
4,544
2,377
3,256
3,716
3,996
4,496
4,498
3,921
4,857
1,715
2,859
1,367
4,987
2,944
4,224
1,651
4,783
4,421
1,258
1,507
2,692
4,234
3,154
2,169
4,342
3,912
3,302
4,167
1,517
4,793
4,439
3,208
1,841
3,185
2,928
4,306
2,336
4,788
3,608
1,327
4,245
1,121
4,550
4,881
4,955
2,709
2,740
4,133
2,479
4,910
1,271
1,947
1,114
4,848
3,177
4,973
1,265
1,113
1,943
4,539
4,959
1,538
2,517
1,367
3,420
3,721
1,732
1,558
1,218
1,944
4,224
2,907
2,625
3,916
2,346
2,701
2,791
2,487
4,760
3,447
4,889
4,167
1,157
2,195
3,299
4,474
1,956
1,139
1,968
1,567
2,976
2,121
2,194
3,695
1,424
3,181
1,542
4,228
3,120
3,995
1,379
1,869
4,208
2,771
2,698
2,966
1,205
1,467
2,491
3,731
3,104
3,540
4,353
1,102
1,484
3,219
4,534
1,501
3,972
3,933
1,876
2,238
1,430
2,224
4,923
1,447
2,315
2,759
2,632
2,624
1,449
1,745
4,521
2,817
3,784
3,513
2,702
3,481
4,648
4,640
4,774
3,460
3,132
2,820
2,230
4,953
1,155
4,900
1,364
2,260
2,726
4,481
3,741
2,600
2,238
2,717
3,201
1,438
1,891
4,839
1,451
4,967
4,105
1,974
1,543
1,635
1,345
1,860
2,111
2,724
4,989
3,309
1,363
4,351
4,948
2,104
3,223
2,659
2,326
4,455
3,599
1,528
1,759
4,292
1,105
4,769
1,263
2,342
4,659
1,829
1,675
3,886
4,708
3,438
2,612
2,663
3,892
1,471
4,306
2,485
2,153
4,610
2,818
4,114
4,153
1,352
2,335
1,555
4,996
2,290
3,788
4,293
4,204
3,989
1,572
2,958
4,619
4,419
4,791
1,494
1,934
4,682
1,131
2,799
1,421
2,893
4,415
4,102
1,969
4,387
4,275
2,128
4,479
2,770
2,495
3,387
2,834
1,867
2,226
1,242
4,760
1,195
1,610
2,273
2,860
3,907
2,526
1,473
2,779
3,872
3,995
1,930
2,910
2,838
3,445
1,785
3,993
1,899
2,761
1,358
2,741
3,123
4,132
2,339
4,812
3,844
4,636
1,356
1,765
2,330
2,693
4,412
4,125
4,252
1,381
3,768
1,272
1,593
1,152
4,207
4,140
3,630
1,908
2,222
3,466
4,907
3,104
1,755
4,585
4,456
1,524
3,753
3,215
1,527
1,304
1,843
1,639
1,509
4,299
4,741
1,250
4,141
2,595
4,885
3,851
4,922
3,323
4,781
3,947
4,437
4,935
2,362
1,426
4,941
3,921
2,928
4,252
2,323
4,175
2,465
1,399
3,513
4,452
3,919
1,579
3,140
2,551
3,958
2,711
1,315
2,664
1,418
3,350
1,931
3,929
1,470
1,191
1,527
1,453
3,431
2,387
2,123
3,792
4,661
1,748
2,243
4,531
1,999
1,354
1,878
2,276
1,642
4,265
1,517
1,577
3,411
3,499
4,994
4,371
1,732
2,532
1,520
1,475
4,315
3,599
1,437
2,892
4,972
4,568
1,497
4,157
4,203
1,514
2,868
2,1000
2,702
1,794
3,817
4,691
4,466
2,665
2,928
3,770
1,872
3,541
4,798
3,966
2,207
2,206
4,991
1,105
2,224
2,622
1,532
2,352
1,855
4,789
2,212
2,123
4,680
3,581
1,300
4,914
1,632
1,618
3,978
1,803
3,695
3,848
2,140
3,735
4,307
2,772
4,997
2,858
4,113
4,167
3,932
4,581
2,553
3,850
3,729
2,821
1,786
4,561
2,437
3,365
2,233
1,712
1,973
3,756
2,317
3,950
3,289
1,674
4,314
1,889
3,838
3,924
2,119
3,670
1,891
1,895
1,227
4,524
1,995
4,452
1,352
4,672
3,719
4,862
1,418
1,459
1,364
1,224
2,411
4,248
2,337
2,101
3,533
3,830
2,500
2,339
3,268
4,532
4,206
4,618
2,493
1,944
3,156
1,892
3,144
4,904
3,312
1,853
4,236
1,443
4,227
1,613
4,962
1,736
4,780
2,350
1,609
4,777
1,128
2,910
1,602
4,466
3,649
2,707
2,978
2,920
3,397
2,289
3,885
4,801
1,843
4,815
2,110
4,420
4,722
4,277
4,248
4,101
1,600
2,157
4,925
1,456
1,391
3,935
4,443
4,970
4,524
4,398
2,249
1,640
2,720
4,207
4,928
1,104
1,217
2,839
3,371
2,411
2,368
2,194
4,654
2,742
4,664
2,391
4,236
3,441
4,540
4,392
1,334
3,587
4,248
2,287
3,597
3,490
3,696
1,350
4,329
2,702
1,565
4,910
2,965
1,191
2,908
2,194
3,548
4,892
3,551
1,658
3,694
3,234
3,562
1,357
1,694
4,219
2,610
4,995
1,813
2,640
1,907
1,230
3,503
4,320
2,313
1,924
2,500
1,767
2,971
3,127
3,707
2,598
3,389
1,183
4,670
1,343
1,897
2,481
2,403
3,199
3,128
3,833
3,932
3,575
1,327
2,199
2,411
3,438
3,537
2,643
1,539
1,687
2,156
4,367
1,820
2,954
1,813
2,284
4,827
1,381
2,215
4,243
4,399
1,655
3,439
3,930
3,565
4,656
4,338
3,363
4,835
3,475
2,449
3,518
1,942
2,243
1,852
2,976
1,317
1,574
4,237
4,275
1,379
3,296
2,842
2,607
2,324
1,831
1,864
4,384
2,711
3,598
4,478
2,307
1,854
1,823
2,753
3,176
3,632
2,359
4,236
4,451
2,967
1,567
2,431
1,285
1,168
2,401
2,710
4,640
2,484
2,914
1,621
2,551
1,271
3,262
3,249
1,315
3,183
1,905
1,756
1,937
4,921
3,926
1,452
4,701
4,657
2,786
3,755
3,933
4,921
2,797
3,212
3,233
3,333
3,722
3,341
4,657
2,642
2,369
4,748
3,101
4,452
2,453
4,261
3,169
1,947
3,686
4,139
1,175
2,524
4,729
4,570
1,413
2,956
3,972
2,972
2,825
1,463
1,409
4,739
3,706
4,689
2,987
1,257
3,861
4,838
2,971
1,378
1,378
3,847
2,338
4,496
1,708
3,702
4,920
1,981
2,756
4,102
3,580
1,727
2,847
3,406
2,856
4,166
3,881
2,269
4,484
2,764
3,796
4,858
1,892
4,546
3,501
1,729
3,858
1,823
4,412
4,233
4,675
2,758
2,274
4,957
3,825
3,815
4,577
4,382
2,145
4,605
1,386
3,358
2,716
1,170
2,800
3,900
1,249
3,797
3,541
1,454
1,880
2,731
4,692
3,544
3,197
1,772
4,669
2,273
1,218
3,112
3,867
4,839
1,664
3,310
4,197
3,804
1,870
2,641
4,724
1,276
1,915
2,856
4,367
2,282
2,847
2,942
2,197
2,627
4,668
3,875
3,277
3,476
1,543
4,572
2,838
3,961
1,218
1,631
1,536
3,163
4,956
3,856
4,175
4,538
4,545
2,487
1,364
2,959
1,567
2,724
4,672
3,548
2,176
3,396
3,489
1,862
3,462
4,736
4,150
1,468
3,661
1,581
3,477
3,303
1,243
2,450
1,679
4,199
4,283
4,483
3,717
3,426
2,977
3,366
4,504
4,730
2,656
1,167
4,501
3,989
4,592
1,354
1,671
3,881
1,820
3,892
4,672
2,433
2,879
1,186
1,380
1,460
3,332
2,743
1,752
4,695
1,922
2,243
1,794
3,886
4,234
3,491
4,538
2,363
4,692
1,357
3,663
2,223
4,142
3,356
4,807
2,751
2,724
3,614
4,658
3,937
3,323
1,337
1,977
2,230
4,135
2,210
1,229
3,578
2,651
2,998
1,692
2,284
1,287
2,918
3,188
1,405
4,891
3,205
4,490
2,688
3,631
4,483
3,245
1,213
3,443
4,200
3,586
3,184
4,801
1,885
2,555
2,774
4,459
2,282
2,757
3,155
1,237
2,966
1,960
1,497
4,682
3,584
1,853
2,555
2,798
2,543
1,101
3,463
2,463
1,765
4,889
4,868
4,307
3,628
4,714
4,892
4,544
2,317
1,470
4,896
3,894
3,443
3,875
2,108
4,510
4,577
4,709
4,279
1,498
1,479
1,742
1,762
1,550
1,260
3,423
3,171
2,650
4,673
3,563
1,418
4,441
1,388
2,508
2,659
4,161
2,800
2,608
3,668
2,518
1,962
2,382
4,972
3,850
4,680
2,309
2,809
2,915
3,272
2,131
4,505
3,718
3,493
4,691
3,888
3,919
4,207
4,928
3,786
4,636
2,323
1,362
2,398
4,244
4,445
3,936
3,228
2,704
2,689
3,883
3,749
3,824
1,317
4,517
4,765
4,961
1,604
2,370
3,647
4,385
3,255
1,540
1,756
1,829
2,750
4,769
3,859
2,742
3,377
3,706
2,288
1,867
4,749
4,721
4,512
3,303
3,582
2,926
4,476
3,492
4,348
1,616
1,367
1,291
4,251
4,859
1,881
2,318
1,270
3,443
1,324
2,418
3,818
4,677
3,221
1,173
2,510
1,665
2,238
4,761
3,654
4,946
2,980
3,787
1,343
2,619
3,665
3,972
2,863
1,254
1,475
4,152
1,853
1,264
1,753
2,986
1,481
3,825
1,218
2,666
4,270
3,322
2,171
3,266
2,597
4,633
3,639
4,689
4,239
4,354
4,500
2,766
3,195
2,758
1,402
4,333
3,474
1,834
2,494
1,711
1,779
2,934
4,451
2,731
2,173
1,373
4,855
3,746
3,960
3,378
4,586
3,926
3,207
3,687
3,612
2,512
3,956
3,552
1,727
2,495
4,335
1,851
2,539
3,600
2,677
3,199
2,197
2,319
4,794
3,871
2,366
3,146
1,353
4,347
2,460
1,498
1,487
1,702
3,805
1,884
1,938
1,652
3,139
2,326
1,718
1,658
1,789
2,796
4,653
1,630
3,438
4,548
4,938
3,271
3,885
1,549
1,972
3,349
3,205
3,267
1,826
2,227
4,698
1,490
1,922
1,820
4,924
2,674
4,933
3,606
4,288
3,839
2,241
2,474
4,897
3,307
1,760
2,263
3,463
1,799
1,755
2,931
3,605
2,104
2,536
1,906
3,979
1,114
2,719
1,277
2,356
2,174
4,212
2,536
2,328
3,519
4,173
4,909
2,870
4,744
1,701
4,836
1,753
2,907
4,734
2,248
2,200
1,806
2,638
1,259
4,298
4,825
4,514
3,368
4,474
1,450
4,476
4,868
3,974
2,438
3,635
1,451
3,764
1,205
1,169
1,351
1,458
4,641
3,434
1,541
4,200
1,586
1,968
3,769
4,204
1,546
2,416
3,632
1,186
4,980
4,567
3,585
1,842
1,463
4,984
1,741
2,193
1,802
3,227
1,968
1,121
2,193
3,939
2,174
2,977
2,601
1,609
4,763
4,621
4,601
2,419
2,399
3,325
3,253
4,599
1,709
3,950
4,898
1,425
4,707
3,516
4,868
3,889
1,494
1,720
2,986
3,422
2,699
3,280
1,314
1,759
3,473
3,480
2,668
4,575
3,402
3,158
3,645
2,887
4,840
1,321
2,666
4,149
1,372
1,841
4,580
3,399
2,902
4,404
1,877
3,461
1,554
2,561
3,516
3,885
2,483
2,180
2,504
3,154
4,220
3,926
1,509
1,836
4,780
1,239
4,192
1,594
1,430
2,904
3,470
2,370
4,214
2,881
3,545
3,144
3,635
1,923
3,626
1,816
2,869
2,400
2,428
1,569
1,432
2,437
3,852
1,731
4,713
1,736
3,345
4,437
1,382
2,661
4,200
1,574
4,440
3,392
3,680
3,879
1,933
3,893
4,903
1,628
1,122
3,632
2,591
3,162
2,279
3,541
4,132
3,424
2,179
3,180
4,393
3,983
1,162
1,873
4,632
2,527
1,151
4,432
1,522
1,545
3,877
3,752
1,796
1,270
4,749
1,212
3,132
2,157
3,780
2,148
1,585
1,686
4,461
2,724
2,120
1,165
4,750
4,531
3,340
1,641
3,954
1,466
2,206
1,878
1,623
2,214
4,961
1,938
3,485
2,268
2,970
4,927
2,684
4,348
3,710
1,987
4,798
1,363
1,680
3,565
3,501
2,323
1,882
3,150
3,775
2,870
1,848
3,999
3,815
1,130
4,774
2,253
3,309
1,570
1,904
4,919
2,534
4,179
2,920
1,242
2,146
2,470
3,462
4,428
3,213
3,164
2,259
1,993
3,844
4,607
3,326
4,266
4,241
3,536
1,272
3,731
1,518
3,700
3,681
4,297
2,608
3,842
4,400
3,787
4,200
3,665
4,967
2,529
4,411
4,276
3,467
4,441
4,160
2,739
4,380
1,532
4,720
3,919
2,469
2,278
3,265
3,584
3,272
4,108
4,298
2,781
1,109
3,585
1,361
3,967
2,588
2,474
2,200
4,161
1,357
1,687
3,385
1,798
4,415
3,940
1,701
3,651
2,732
1,200
1,290
3,484
3,433
4,467
2,154
3,628
2,347
2,969
1,585
1,270
4,393
2,811
1,392
4,627
4,107
2,849
1,276
2,593
2,607
2,169
2,437
2,181
3,943
3,947
2,307
4,930
1,956
3,201
3,547
4,651
1,375
3,654
3,721
2,679
1,603
1,911
4,199
3,726
1,729
2,298
1,849
1,794
1,267
4,237
4,260
4,901
2,639
4,374
2,367
3,709
2,399
4,177
4,212
4,486
1,267
3,999
1,780
1,484
2,151
1,596
4,816
1,680
4,496
2,759
4,915
2,320
3,421
1,752
1,547
1,780
2,995
2,135
3,591
1,540
2,281
2,609
4,742
2,478
3,286
1,153
2,919
3,481
1,331
1,976
3,614
1,855
4,917
1,887
2,254
4,966
3,666
3,738
1,792
3,867
2,386
3,405
3,809
1,382
2,943
3,677
2,643
2,583
3,542
1,835
4,354
4,673
3,946
1,533
1,407
2,369
1,253
1,876
1,475
1,477
1,564
4,550
4,349
2,383
1,881
4,952
2,970
1,132
4,454
1,196
3,769
1,385
1,767
2,160
3,340
3,502
1,142
1,225
2,681
3,870
2,387
4,943
2,527
1,334
4,697
4,403
4,758
3,779
2,700
4,611
2,654
1,570
2,478
1,139
4,604
2,471
1,988
2,615
2,464
3,736
3,204
4,248
3,728
2,560
4,167
1,411
3,122
4,324
3,610
4,108
1,505
1,323
3,184
3,190
1,865
4,671
3,438
4,408
1,265
3,237
2,757
1,352
2,557
4,781
1,348
3,275
2,399
3,353
4,778
2,754
3,953
1,750
3,630
1,160
1,554
3,811
2,647
2,276
3,929
1,163
4,329
1,471
1,112
2,171
1,402
2,316
1,421
2,198
4,653
3,935
4,385
3,130
4,513
1,435
4,650
3,378
3,624
2,489
4,664
2,174
4,703
1,235
3,517
4,770
1,130
3,248
1,899
4,487
1,245
2,545
3,896
3,465
2,990
4,344
2,812
2,312
4,800
2,799
4,546
1,348
2,362
3,876
4,214
1,743
1,116
2,539
2,854
4,719
3,283
1,255
4,421
4,911
3,268
2,248
3,702
4,940
2,744
1,852
3,413
1,509
4,193
1,933
3,327
3,582
3,431
4,118
3,843
2,499
1,464
3,939
4,596
2,541
4,265
4,787
2,743
4,611
1,322
3,567
1,991
2,814
3,339
4,267
1,664
4,160
1,200
4,530
4,427
4,302
3,803
1,149
4,751
1,833
1,529
2,281
2,431
3,181
4,234
4,897
3,740
3,496
3,401
4,1000
3,915
4,543
2,918
3,662
1,313
4,744
2,479
1,957
2,124
2,462
2,736
2,696
4,873
3,926
4,280
3,243
3,772
4,976
4,764
2,440
2,967
1,494
2,557
2,925
2,608
2,873
4,284
2,250
2,116
4,654
2,495
2,634
2,837
2,280
2,794
2,809
3,738
1,623
2,744
4,890
3,388
2,542
3,372
2,465
2,491
2,804
2,277
3,310
1,145
3,129
2,256
1,911
2,498
2,599
4,823
1,270
1,524
1,988
3,645
1,330
1,410
2,760
3,865
3,843
4,773
1,789
1,842
3,199
1,451
1,511
4,982
4,911
3,412
2,490
1,600
3,433
3,958
1,313
2,109
2,351
3,406
4,889
2,179
2,192
3,588
4,966
4,237
4,774
2,418
4,313
3,653
4,362
1,338
1,607
2,457
3,391
4,102
3,589
1,607
4,221
3,776
2,719
3,302
4,394
4,789
1,937
4,149
1,877
3,482
2,565
2,749
3,998
2,632
3,113
1,342
3,396
3,583
2,223
1,865
2,634
3,312
3,919
1,564
1,570
3,914
1,569
4,185
1,327
4,725
4,623
3,475
4,743
3,635
3,537
3,794
2,387
4,140
1,805
1,992
1,539
3,703
1,454
1,333
1,923
3,406
3,634
2,837
1,344
3,418
2,806
4,567
3,339
2,475
2,335
4,959
2,912
2,718
4,585
1,243
3,336
4,615
2,549
4,801
4,495
3,468
2,881
3,589
4,846
2,505
3,560
2,732
1,517
4,599
3,238
1,575
4,506
3,189
4,418
1,415
3,520
4,251
2,496
1,208
4,142
2,855
3,510
3,540
1,331
4,744
1,569
4,786
2,105
2,286
2,238
1,435
4,126
1,962
3,101
3,957
3,387
4,804
1,349
1,598
1,512
3,653
1,356
2,780
3,738
3,999
3,989
2,172
2,543
2,127
1,626
2,613
3,173
4,686
2,654
3,656
2,221
2,837
4,392
2,728
4,763
3,705
2,801
1,261
1,744
3,414
3,936
4,762
2,636
1,317
3,218
2,752
3,430
3,622
2,859
1,743
4,611
1,910
2,296
1,810
3,670
2,638
3,920
4,396
1,269
2,507
4,364
1,420
4,412
4,728
2,518
2,953
1,904
2,726
2,486
2,472
1,422
3,253
4,503
2,632
3,568
1,510
1,732
3,953
4,346
4,488
4,783
1,934
1,555
1,920
3,716
2,679
4,338
1,869
1,931
2,520
3,935
1,415
3,392
3,650
3,713
2,125
4,845
3,677
2,673
4,875
1,721
3,640
2,489
1,595
3,498
4,503
2,335
3,848
2,819
3,177
3,226
4,405
3,412
4,132
1,539
1,898
4,346
4,313
1,901
4,214
2,155
1,258
2,647
3,307
1,732
2,439
2,890
4,259
4,894
1,577
1,613
1,623
4,660
4,861
2,520
2,202
1,396
3,793
2,563
3,785
1,753
2,195
3,832
2,325
1,813
3,184
3,966
4,375
1,130
1,593
1,943
3,831
3,366
2,741
1,813
1,439
2,987
4,945
3,623
1,662
3,834
4,398
3,512
3,745
1,292
3,835
1,327
4,593
4,438
1,634
1,313
1,142
2,617
3,680
1,989
2,549
1,155
1,572
3,148
1,834
3,859
2,558
1,143
1,178
2,845
2,887
2,636
3,868
4,484
1,775
4,665
4,377
2,737
1,956
4,849
4,152
3,463
2,913
1,195
1,922
2,817
1,725
4,972
4,204
4,173
4,683
3,549
3,941
2,746
1,819
4,796
2,544
2,227
4,640
4,433
4,961
3,854
3,900
2,697
4,878
2,651
3,673
2,137
3,422
2,719
4,842
4,601
1,559
3,970
1,766
2,495
1,693
4,392
2,114
4,550
2,821
2,481
3,682
4,558
1,517
2,316
3,607
4,851
2,730
2,674
2,735
1,197
1,131
2,557
2,298
4,274
4,209
3,484
2,546
1,388
3,861
1,550
3,677
2,681
3,818
1,422
3,584
4,773
4,178
2,109
2,538
3,858
1,271
3,990
3,346
4,527
3,820
4,263
3,557
3,244
2,111
1,343
1,417
2,556
1,951
4,933
4,421
3,660
3,768
3,670
3,525
4,812
3,975
3,107
2,514
4,303
1,407
4,141
2,319
3,942
4,433
2,935
3,351
1,419
3,813
2,199
1,307
1,337
1,110
4,315
3,372
1,191
4,146
3,716
4,299
3,495
1,575
1,216
4,730
3,592
4,127
4,701
4,395
4,820
2,948
4,823
2,473
2,435
1,282
4,999
1,394
2,185
4,282
2,426
3,793
2,621
1,776
4,562
2,505
2,926
4,937
4,815
3,562
2,380
3,841
3,785
2,167
2,668
4,980
3,993
1,349
4,740
2,601
4,946
3,211
3,760
3,764
2,424
1,532
3,651
2,910
4,234
3,644
3,827
3,668
3,740
3,265
1,774
1,182
4,977
1,868
2,797
1,350
3,313
2,261
1,938
4,661
2,907
3,900
3,749
1,377
4,806
2,443
1,161
3,109
3,437
4,754
3,887
2,481
1,810
4,442
3,161
3,711
3,375
3,421
3,760
1,264
3,462
4,260
3,455
1,673
2,383
2,993
2,671
2,369
1,933
2,529
1,457
2,911
2,831
2,250
4,591
1,369
2,879
4,302
1,325
1,592
4,869
4,580
1,638
3,338
1,868
3,233
4,561
2,800
4,819
1,672
2,559
1,706
1,695
3,145
3,726
4,880
2,786
2,588
3,691
4,880
3,979
4,140
1,531
2,817
1,705
4,872
2,336
4,815
2,806
2,615
4,345
2,138
1,672
2,790
3,213
4,762
4,327
4,527
2,489
3,298
3,799
3,196
1,121
1,777
4,649
1,741
1,679
4,852
1,679
3,459
3,893
3,916
4,948
4,782
4,397
3,972
1,654
1,855
3,676
3,196
1,518
1,187
4,802
1,924
4,366
3,353
2,720
1,290
2,595
2,900
1,735
3,154
3,871
2,405
4,792
2,315
4,350
1,201
1,313
1,144
1,696
1,479
4,946
3,319
4,862
1,603
2,258
3,184
4,288
2,125
1,197
2,858
4,347
2,839
3,247
1,209
1,530
2,543
1,484
2,926
3,626
4,321
4,360
1,760
1,626
2,940
2,230
3,402
1,103
1,163
4,845
2,411
2,243
2,374
1,184
3,365
4,710
4,700
2,111
2,994
1,562
2,677
1,833
4,550
2,408
1,773
1,740
3,484
2,301
1,530
2,623
4,418
1,867
3,645
1,671
2,883
1,863
4,937
4,349
1,496
2,753
2,931
3,725
2,617
2,263
3,321
2,817
1,556
1,245
2,887
4,616
1,290
1,802
2,644
1,391
2,517
2,593
4,198
2,134
1,426
1,896
4,405
2,431
4,602
3,570
4,376
3,310
3,861
1,551
2,785
2,174
1,975
2,500
1,123
3,976
2,661
2,414
2,854
2,489
3,374
2,287
4,672
3,550
3,407
2,534
3,980
2,712
4,456
3,800
1,839
2,432
3,394
1,954
4,185
2,532
3,206
4,449
1,713
2,916
2,850
1,114
2,196
1,329
1,422
4,205
4,419
3,279
1,559
4,834
3,882
1,761
3,524
3,534
2,878
1,688
1,718
3,143
3,592
1,543
4,462
1,961
4,745
1,610
2,393
2,489
1,250
4,694
1,995
2,198
1,430
3,336
1,164
3,727
3,749
1,999
2,340
4,789
3,661
3,980
4,405
1,267
3,977
4,224
4,611
1,734
2,882
1,958
3,982
3,538
2,641
3,809
3,691
2,193
4,394
1,535
1,617
4,118
3,179
2,564
1,174
1,212
1,461
2,778
4,794
3,273
2,752
4,161
2,889
4,159
3,534
4,306
1,874
4,507
4,418
2,312
4,421
1,183
4,955
2,597
1,677
2,130
4,889
1,800
1,662
2,487
3,679
2,189
4,645
3,323
3,291
1,170
1,216
2,393
1,667
3,775
2,995
3,808
1,298
3,310
3,925
3,898
2,870
3,367
3,772
3,607
3,533
4,801
1,749
4,899
4,163
3,270
2,129
2,256
4,391
4,977
3,317
2,647
3,318
2,919
1,793
3,750
3,335
2,976
1,899
1,683
2,317
2,141
1,335
1,145
3,341
2,699
2,153
4,150
2,924
3,394
1,339
1,893
2,535
2,580
1,887
4,495
2,606
4,727
3,888
3,913
3,343
3,663
2,718
1,286
2,428
3,885
1,660
3,746
3,507
2,357
3,997
4,601
4,562
3,698
1,467
3,209
3,850
3,704
3,534
3,439
3,352
4,766
2,676
2,551
1,776
3,973
1,430
2,360
4,463
4,728
4,748
3,503
3,334
2,356
1,754
4,192
4,705
1,697
4,351
1,516
1,783
3,269
1,594
2,462
1,469
2,660
3,997
2,200
1,361
1,886
4,579
2,965
1,107
4,854
3,935
3,210
3,870
1,519
3,980
4,263
2,361
2,970
3,802
2,752
4,492
3,502
2,197
4,926
4,387
4,366
3,956
3,856
1,410
3,520
3,230
4,663
1,381
3,676
2,407
4,588
2,218
2,706
4,947
2,275
2,982
4,271
1,708
4,728
1,301
3,178
2,141
4,638
1,536
2,690
2,682
2,180
3,713
1,910
2,281
1,106
2,618
3,213
3,859
4,196
1,502
2,746
2,832
4,490
3,998
3,801
3,874
3,220
3,129
3,895
4,256
2,492
3,721
2,272
4,795
3,890
2,826
4,263
2,115
4,858
3,912
1,100
3,960
4,349
2,837
4,348
3,401
1,719
2,538
2,773
1,826
1,759
2,735
1,562
3,766
2,123
2,662
1,899
1,556
1,757
2,921
2,185
2,269
2,301
4,688
3,811
4,238
2,500
3,939
2,768
2,248
3,470
4,263
4,418
1,965
1,444
2,850
1,110
3,533
2,731
2,198
4,380
4,278
1,433
3,968
1,408
3,218
3,505
4,684
1,805
4,669
3,692
4,657
2,683
2,454
2,192
1,550
2,227
3,388
4,912
1,646
1,532
4,989
3,791
1,402
3,768
3,671
1,108
4,189
1,881
1,111
4,584
3,944
1,360
4,307
1,492
1,799
4,729
4,168
4,343
1,366
4,200
1,551
4,660
4,135
1,306
4,909
2,897
4,591
4,488
1,904
4,741
3,840
3,859
2,156
4,926
3,685
4,383
3,466
1,267
3,777
3,660
2,173
3,170
4,643
4,492
4,296
3,770
2,541
1,367
4,727
3,945
2,159
1,310
4,811
2,454
2,916
4,802
1,188
4,430
4,554
4,963
3,885
3,516
3,543
3,956
3,986
1,505
4,337
4,599
2,617
1,667
1,139
3,974
4,210
1,270
4,509
3,181
4,949
3,838
1,928
2,587
4,518
1,507
3,268
1,118
2,244
1,793
3,648
3,267
4,592
1,559
1,505
4,267
3,872
4,678
2,141
1,470
3,609
4,570
4,419
3,354
1,631
1,855
3,735
1,299
3,608
2,471
2,789
4,845
1,390
2,336
2,538
4,554
2,222
1,184
2,716
3,609
3,335
2,457
4,704
4,492
4,950
3,994
3,281
1,392
3,931
3,946
1,283
1,941
2,817
3,129
1,912
4,603
3,474
1,867
3,635
3,429
4,640
3,304
4,176
1,257
1,177
4,722
1,770
1,315
1,319
3,811
2,234
3,719
4,304
2,790
1,314
2,749
4,201
3,770
4,743
4,244
4,250
4,485
2,348
3,242
3,278
3,680
2,208
1,860
3,980
4,835
2,982
4,266
2,349
2,700
3,233
2,888
3,872
2,351
3,802
3,211
4,777
1,455
3,918
1,284
3,364
4,263
4,760
1,274
2,245
3,229
2,892
4,974
4,566
1,504
4,346
4,149
3,981
2,863
1,420
1,361
2,338
4,598
2,751
2,514
2,753
4,579
1,614
3,660
1,941
1,308
1,174
2,469
3,441
1,754
4,393
1,219
4,572
1,720
2,450
2,203
4,881
4,162
2,566
4,510
3,431
4,782
2,318
4,297
2,158
2,737
2,704
2,877
2,513
3,915
1,671
2,433
1,406
1,397
4,869
1,685
2,368
1,465
2,515
2,316
2,898
2,756
3,785
2,199
2,878
1,787
1,570
4,939
4,543
3,192
3,612
4,848
3,183
1,270
3,686
2,656
4,897
1,840
2,541
2,633
2,962
4,863
2,153
3,549
1,148
3,695
2,390
1,560
4,540
1,735
2,1000
3,129
4,434
3,227
1,141
1,528
2,489
3,362
1,417
2,995
3,741
2,645
3,827
2,556
3,366
1,730
3,450
1,517
4,834
3,645
1,158
3,574
2,294
3,803
2,830
2,474
4,485
2,483
3,787
3,879
3,463
4,132
2,617
4,802
3,779
2,809
2,721
1,902
2,550
3,799
1,407
3,130
2,543
4,425
1,574
1,578
3,949
3,928
2,760
2,378
3,901
4,175
4,480
1,631
1,438
2,285
1,156
4,793
1,648
3,975
4,854
3,771
1,878
3,999
4,760
2,247
2,397
1,970
1,218
2,233
3,411
4,335
4,294
2,339
2,754
1,796
4,949
3,110
4,845
3,263
2,345
1,626
4,802
3,568
1,658
2,515
1,620
2,196
2,771
2,300
1,565
2,838
1,871
3,434
3,690
2,647
2,920
4,435
4,123
3,235
3,685
1,501
2,905
2,962
4,352
2,789
1,367
2,244
1,965
3,439
4,936
3,266
2,212
2,951
1,199
3,323
3,672
2,576
2,173
1,139
2,287
4,877
3,571
1,750
1,127
4,930
1,682
1,103
1,696
3,523
1,501
4,394
2,316
2,108
2,895
1,263
1,117
1,154
1,177
1,419
4,548
3,444
4,610
3,349
1,680
3,771
4,957
1,391
4,847
4,706
2,471
1,336
1,253
2,846
3,543
1,872
1,463
2,965
4,897
2,264
3,832
2,977
3,366
4,856
3,394
1,219
2,279
1,723
3,778
1,197
4,693
2,309
2,490
1,124
3,107
1,894
3,301
2,841
2,950
1,702
4,571
2,910
1,496
3,416
3,553
2,453
3,857
1,771
4,800
1,926
1,705
2,629
1,742
2,274
4,242
2,835
3,119
3,816
4,555
1,546
2,276
3,765
4,149
4,344
3,796
2,893
3,437
2,896
1,442
1,986
2,198
3,963
2,906
2,210
1,483
3,179
2,162
2,609
1,497
1,892
1,121
4,172
4,602
3,369
2,558
3,729
3,588
2,686
4,627
3,178
4,718
2,183
4,855
1,749
4,133
3,371
2,582
3,780
4,385
1,775
3,552
2,554
3,292
4,850
4,851
4,465
2,415
4,367
4,819
4,445
4,202
4,344
2,220
3,481
4,890
1,669
1,220
1,678
4,469
1,483
4,385
3,985
4,450
1,645
4,744
2,323
4,624
4,167
3,873
4,770
2,380
3,141
4,479
1,312
3,175
1,950
2,227
1,699
3,326
3,620
1,575
4,364
1,983
1,523
2,444
4,389
1,707
1,171
3,701
1,831
1,280
2,972
2,181
4,105
1,955
4,683
3,595
4,305
4,155
2,584
1,385
3,264
3,688
2,616
1,415
2,319
2,233
3,756
2,952
1,820
3,607
3,762
3,665
2,298
2,570
3,246
2,955
3,930
4,579
3,313
3,317
2,289
1,326
4,157
2,900
1,967
2,519
1,788
1,547
2,174
4,566
3,410
2,128
1,241
2,695
4,432
1,553
1,487
3,627
4,924
4,718
2,531
4,281
4,436
1,847
4,438
1,909
3,237
1,810
3,601
4,231
4,748
1,225
3,431
3,242
4,523
1,699
1,274
2,234
2,504
1,106
4,447
1,287
4,424
4,831
1,475
1,127
2,597
2,676
3,258
3,320
2,151
2,743
2,816
4,197
3,473
1,489
1,141
3,880
1,839
4,502
1,350
1,103
1,206
4,144
3,368
2,522
1,183
3,224
3,229
1,742
4,473
1,833
2,735
2,117
3,324
1,572
3,717
3,203
4,853
1,422
3,408
4,448
2,374
3,338
3,601
1,432
1,880
4,373
4,947
2,590
2,985
4,870
4,339
3,365
2,637
3,430
4,639
1,466
3,646
3,118
3,972
2,860
4,634
2,839
3,492
2,416
2,199
2,876
3,303
3,417
3,832
3,814
3,240
4,204
3,224
3,644
4,375
4,106
4,350
1,105
2,183
4,813
1,275
3,194
1,463
3,967
4,951
1,446
1,897
2,360
1,567
1,630
4,573
4,968
2,271
3,765
2,869
3,524
2,671
2,971
4,507
3,415
2,742
1,526
4,503
1,706
2,191
2,830
2,800
4,324
1,317
1,708
1,894
1,108
2,703
3,966
1,137
1,589
3,884
4,530
3,692
4,594
2,954
4,128
4,779
4,986
2,140
2,729
3,973
1,670
3,557
2,328
4,632
1,152
1,915
1,150
1,714
1,802
2,873
2,578
3,206
4,419
1,158
2,369
3,103
3,794
3,924
1,602
3,873
2,627
4,221
4,972
4,219
3,503
4,629
3,306
2,488
4,971
4,242
3,786
3,886
1,230
3,606
1,864
4,931
3,127
1,618
2,103
2,766
4,411
1,753
2,769
2,357
4,758
2,546
1,263
2,929
1,167
1,593
3,711
2,265
1,342
3,231
3,685
2,221
4,527
1,564
1,331
2,737
1,594
1,366
4,604
2,516
4,969
4,809
3,948
3,253
3,842
3,487
3,152
4,876
1,452
4,753
4,785
3,899
1,674
4,926
4,772
3,609
3,175
2,291
2,286
4,986
4,677
4,956
3,480
2,918
3,679
1,450
4,629
3,454
3,618
4,338
3,258
1,824
4,435
4,275
1,954
3,108
2,366
4,957
3,941
2,343
2,352
2,213
4,954
4,660
4,599
2,523
2,570
2,178
3,340
3,483
4,155
2,753
4,282
4,439
4,839
2,202
1,107
4,355
3,312
2,939
1,899
4,210
3,909
4,926
1,300
4,148
3,114
3,614
4,405
4,928
3,101
3,615
2,629
4,970
3,411
3,959
1,374
4,124
2,669
2,429
2,939
2,256
1,214
4,868
3,353
4,402
2,156
3,971
4,571
2,854
1,879
2,824
4,835
4,717
3,371
2,174
4,166
4,917
4,805
1,620
4,486
1,456
3,620
2,509
2,323
4,727
2,752
2,427
4,305
3,127
4,560
3,971
1,445
1,816
3,637
2,814
2,964
2,790
3,140
2,141
2,378
4,364
2,253
3,584
4,777
3,458
4,133
4,479
2,586
2,188
2,731
4,212
1,438
1,209
1,527
4,724
2,297
1,728
4,892
4,197
3,434
1,739
4,901
4,844
3,537
3,182
4,302
1,940
3,969
2,600
1,828
1,981
3,563
3,346
3,637
1,838
1,357
2,910
3,552
3,408
2,660
2,415
1,404
2,617
4,725
1,457
4,788
3,840
4,542
4,679
2,343
2,489
1,696
3,279
2,359
2,415
1,920
1,821
2,671
4,478
3,239
4,334
2,697
4,260
3,453
4,506
3,473
1,158
3,804
4,126
2,280
1,347
4,376
4,987
2,944
4,698
3,376
3,589
3,210
3,815
2,682
2,250
4,755
3,913
3,331
2,866
2,583
3,100
4,521
4,205
4,855
3,171
3,647
2,468
3,192
4,803
4,842
3,444
2,599
2,898
1,961
1,355
1,183
4,184
2,450
2,516
1,587
2,428
1,540
2,906
2,395
4,671
1,834
4,743
4,620
3,216
2,915
1,554
1,480
3,577
2,302
4,190
3,987
1,915
4,305
3,902
4,401
1,911
3,227
1,734
4,345
1,441
3,222
1,970
3,635
2,931
4,180
4,584
2,375
2,700
1,545
3,354
3,770
4,575
3,721
1,945
3,404
3,710
2,172
2,520
2,964
4,360
2,106
2,715
3,344
3,967
3,718
3,525
1,621
1,141
2,457
3,444
1,117
1,695
4,298
3,599
1,255
1,772
4,324
4,341
3,495
4,969
1,644
3,123
1,953
1,353
2,841
1,179
2,599
2,865
3,402
1,395
2,691
2,556
1,676
3,212
2,602
2,505
4,127
4,809
1,750
2,610
1,233
4,597
2,811
4,915
4,687
4,662
2,799
4,723
4,103
2,277
1,614
2,391
2,510
3,530
3,498
2,511
3,994
4,870
3,371
1,426
1,487
3,867
3,718
2,619
1,810
4,360
4,711
3,408
1,916
1,126
2,520
3,496
3,639
2,463
2,954
2,572
4,842
4,675
3,349
2,488
1,904
2,696
1,622
3,731
3,269
4,309
1,251
1,153
2,111
1,599
3,494
2,219
3,967
1,257
3,654
4,551
2,507
4,366
3,509
3,804
4,698
3,696
1,989
3,614
3,367
1,684
1,978
3,994
2,555
4,616
4,999
2,902
1,598
4,760
1,709
3,425
4,143
3,245
4,191
2,702
3,241
2,618
1,872
2,943
3,620
2,146
4,837
3,761
2,171
1,604
1,619
2,343
3,450
1,105
2,760
4,782
2,599
4,648
4,568
4,616
1,486
4,937
4,656
1,641
3,888
2,600
3,368
2,630
2,633
3,129
3,588
1,898
1,954
1,233
4,843
3,574
3,238
4,459
4,621
4,617
1,559
3,433
3,622
3,343
3,833
3,801
3,654
2,950
2,788
1,157
1,585
1,242
3,707
1,745
1,455
4,192
1,207
4,922
1,212
3,349
2,394
1,902
2,779
3,245
3,265
4,752
1,512
4,618
1,675
2,788
4,424
3,659
4,920
2,490
3,466
2,987
4,232
1,995
2,689
4,583
1,567
2,743
2,163
1,512
4,251
1,984
1,186
1,304
2,501
2,763
2,234
3,347
2,187
1,649
4,585
3,374
3,206
1,285
4,970
4,575
3,664
1,719
1,883
2,450
2,890
2,575
4,297
1,186
4,570
2,149
3,467
4,877
2,914
1,351
3,999
1,831
3,452
3,395
2,624
3,486
4,381
