4,718
4,738
4,840
4,999
3,453
1,218
4,965
3,352
3,667
3,235
4,881
2,770
4,335
1,851
1,401
4,856
1,188
1,946
3,291
3,793
4,389
3,275
1,287
3,977
2,937
2,647
4,481
2,223
3,524
2,675
1,174
4,102
4,754
3,935
2,744
2,535
2,308
3,339
1,722
4,919
4,480
2,685
3,165
4,233
1,884
1,250
3,454
2,757
1,511
1,298
1,100
2,248
2,994
2,658
3,325
4,229
4,639
2,634
1,245
4,286
2,807
1,926
1,394
3,644
4,344
3,143
4,772
1,534
1,497
3,913
2,604
3,247
4,656
2,757
4,617
3,225
2,334
4,510
4,577
2,643
1,553
1,767
2,230
2,212
2,174
3,535
3,359
1,643
3,415
3,579
3,758
4,867
3,106
3,770
3,293
1,571
2,706
4,693
1,101
1,357
3,366
3,898
3,715
2,879
1,838
4,185
1,627
2,512
4,498
2,422
2,221
4,762
4,357
3,245
2,355
1,647
4,976
3,524
3,307
4,101
4,718
2,253
2,511
1,925
2,784
2,141
3,167
2,286
1,677
4,982
3,714
4,915
3,465
1,456
2,750
3,936
4,252
1,231
4,820
2,539
3,491
4,344
1,232
1,230
4,996
2,488
3,706
4,725
4,376
1,261
1,691
3,947
3,863
3,176
4,117
4,432
3,482
4,293
2,339
4,372
3,875
1,298
2,155
2,937
1,219
3,541
4,152
4,842
3,653
3,704
4,119
4,746
1,167
2,397
2,658
4,614
3,718
1,560
1,268
3,327
1,413
1,942
2,516
1,927
3,967
3,531
3,988
3,173
3,619
1,888
3,800
3,521
2,382
1,520
1,178
1,318
2,120
2,389
4,337
4,330
2,491
4,698
3,729
2,507
4,331
3,719
1,787
2,418
1,488
1,843
4,937
3,325
1,624
4,398
2,534
2,484
1,872
4,504
2,985
2,979
3,201
1,831
4,369
4,194
4,783
1,769
1,992
1,108
3,673
1,122
3,555
4,591
4,368
1,868
2,417
1,727
2,835
2,331
2,399
1,436
4,329
2,536
4,681
4,796
2,814
2,233
3,632
2,341
3,308
3,566
2,346
2,1000
3,768
1,404
4,843
2,904
4,349
3,880
2,228
2,200
1,433
4,984
2,802
2,549
2,376
2,888
1,255
1,206
1,648
3,450
4,453
3,646
4,734
3,411
2,368
4,840
4,939
1,679
2,924
1,411
1,886
1,149
1,663
1,686
2,820
2,698
3,351
2,289
4,397
2,363
3,133
1,173
4,418
4,218
1,762
1,566
4,792
2,251
3,125
4,282
3,498
4,429
2,881
4,586
3,362
1,216
3,334
1,599
3,287
1,793
3,650
1,464
1,744
1,344
2,299
4,357
2,226
1,438
4,697
1,357
2,573
3,476
1,269
4,797
3,833
4,151
4,966
1,572
3,119
2,523
2,740
2,173
2,774
2,188
3,479
2,637
3,785
4,673
2,889
2,925
4,195
3,685
2,415
2,267
1,543
4,321
4,269
3,503
3,516
1,758
4,618
1,339
1,831
3,101
3,668
1,843
4,675
2,778
2,626
2,992
1,180
4,502
3,711
4,249
3,759
3,690
1,420
4,644
2,973
2,960
1,146
4,547
4,704
3,437
3,479
1,892
4,493
4,717
4,233
1,293
4,751
4,575
2,795
3,532
3,337
4,223
1,241
1,489
3,409
3,902
2,680
4,498
2,499
2,951
1,429
3,743
3,616
1,714
3,886
2,594
2,201
4,707
3,428
4,990
4,862
1,334
1,397
3,185
2,805
1,895
3,199
3,801
1,277
3,903
2,725
1,345
1,432
3,425
1,726
1,221
1,250
2,504
3,105
4,747
1,466
3,957
3,910
3,373
4,637
4,568
2,105
4,423
4,980
3,254
1,492
4,681
3,131
1,595
1,964
1,730
2,604
1,473
3,655
2,321
2,330
1,557
2,298
4,712
4,654
3,498
1,956
1,273
1,358
2,218
3,550
4,444
1,541
1,673
4,368
1,415
2,857
2,292
1,389
3,470
2,990
2,239
2,183
4,890
4,455
1,222
1,879
4,665
2,715
2,166
1,254
3,309
2,990
1,346
1,140
3,569
2,694
2,406
2,536
2,903
2,690
1,253
4,810
3,437
3,387
3,372
3,885
3,263
3,367
1,886
3,142
1,127
3,907
4,440
4,786
1,966
4,295
2,219
3,616
3,224
2,907
1,246
4,215
2,830
4,253
4,563
3,875
4,539
3,176
2,507
2,288
3,630
2,795
4,442
2,594
3,308
2,344
2,340
3,480
4,646
4,172
4,267
4,425
2,132
2,508
4,442
2,189
4,464
2,229
1,234
4,628
2,388
3,719
4,562
1,940
4,225
2,228
1,948
4,383
1,293
2,610
2,420
3,704
1,368
2,178
3,155
2,188
2,183
2,284
3,123
1,511
3,712
2,926
1,127
3,161
2,761
3,356
1,745
3,386
2,215
1,290
2,291
1,877
3,663
3,468
1,337
4,143
4,715
4,110
3,607
4,515
1,374
3,659
3,386
3,786
1,318
4,309
3,861
1,643
1,972
1,588
3,577
4,716
2,223
4,687
4,645
4,559
2,327
3,745
2,472
1,492
4,428
2,153
2,891
3,979
1,675
3,810
1,506
4,169
2,926
4,520
2,346
3,761
1,822
2,974
2,609
2,518
4,879
1,656
2,816
3,820
2,959
1,734
1,267
4,958
3,457
3,575
4,587
4,311
1,677
3,349
4,624
4,208
3,120
4,652
3,733
4,836
3,796
2,584
4,357
4,994
3,365
4,703
2,746
1,950
1,319
2,948
1,387
2,647
3,743
4,744
2,767
4,356
4,901
3,498
1,329
1,419
4,314
2,171
1,412
1,459
4,679
2,256
2,445
4,194
3,297
1,130
2,376
1,263
1,860
2,251
2,792
4,244
2,846
2,133
3,662
1,755
4,485
2,205
1,184
4,671
2,853
2,147
3,311
3,346
4,891
4,996
4,681
3,862
2,681
3,639
3,700
2,864
2,841
3,748
4,997
4,871
4,990
3,322
4,106
4,121
1,852
3,292
2,431
3,673
2,890
3,629
1,508
4,889
1,219
1,833
2,320
3,256
4,644
3,209
3,785
3,671
1,409
2,481
3,989
3,696
1,522
4,872
2,790
4,623
4,910
3,197
3,881
3,333
2,658
1,183
2,236
1,420
1,700
2,622
2,703
3,257
4,135
1,389
3,904
3,328
3,116
2,923
1,806
3,696
2,240
4,244
2,403
2,584
1,672
2,186
4,492
1,550
2,652
4,363
2,247
1,334
2,189
3,359
3,345
4,407
4,753
4,784
3,461
4,612
1,810
1,214
4,304
3,438
3,713
3,192
2,926
1,126
3,259
1,150
2,879
3,835
1,420
3,217
2,626
4,395
1,104
3,120
2,523
3,739
4,766
2,913
2,829
1,717
4,674
2,278
1,918
3,978
1,644
4,437
3,547
4,249
1,206
1,901
3,855
4,401
4,131
1,239
4,462
4,191
4,330
1,207
2,947
3,747
3,382
2,593
3,607
4,963
3,749
3,962
4,475
3,824
3,406
4,370
4,521
1,703
4,467
3,605
3,359
3,381
3,535
1,408
2,794
2,940
1,529
3,586
1,428
2,889
2,404
2,363
1,301
1,775
3,541
2,300
4,153
1,818
2,323
1,715
3,209
4,182
4,971
1,793
2,854
1,650
4,650
2,475
1,268
1,355
1,816
4,693
1,286
1,878
4,140
4,106
3,631
2,937
1,932
2,182
4,554
1,658
2,960
3,116
3,421
3,887
3,401
1,745
2,813
1,597
2,342
3,401
4,976
2,487
2,274
4,186
2,150
4,139
3,653
3,152
3,320
4,898
4,277
3,916
1,397
4,984
3,688
4,786
1,674
2,276
1,349
1,624
1,698
4,123
2,265
2,303
1,476
2,532
1,321
2,272
2,762
4,439
3,312
1,763
4,362
4,262
1,721
1,581
4,624
4,949
3,599
1,415
3,161
4,399
2,869
1,235
3,939
1,198
4,884
1,298
1,443
4,654
3,200
4,945
4,235
3,842
1,366
1,506
2,297
2,513
3,250
3,748
3,353
3,990
2,608
2,177
4,105
3,545
4,213
3,492
1,680
2,325
3,975
2,449
4,947
4,967
1,479
1,448
4,212
4,876
2,490
4,106
3,912
3,711
2,606
4,994
4,866
2,926
4,162
3,408
4,794
4,234
2,191
3,900
1,840
2,101
1,792
4,764
4,151
4,476
3,750
1,236
4,852
2,787
2,719
2,318
1,420
1,649
2,788
3,978
3,154
1,907
3,759
2,607
1,688
2,334
2,586
2,989
2,245
4,699
3,537
1,442
1,756
2,699
3,705
4,943
2,232
4,950
3,370
4,622
2,800
1,260
4,914
